Date,股票代码,Open,Close,High,Low,Volume,Amount,振幅,涨跌幅,涨跌额,换手率
2016-05-31,600309,0.21,0.49,0.57,0.21,152597,242317153.0,171.43,133.33,0.28,0.71
2016-06-01,600309,0.47,0.65,0.87,0.46,123120,198956824.0,83.67,32.65,0.16,0.57
2016-06-02,600309,0.58,0.65,0.77,0.54,59409,95690828.0,35.38,0.0,0.0,0.27
2016-06-03,600309,0.72,0.81,0.9,0.53,82478,133597697.0,56.92,24.62,0.16,0.38
2016-06-06,600309,0.78,0.58,0.8,0.56,60401,97142940.0,29.63,-28.4,-0.23,0.28
2016-06-07,600309,0.59,0.74,0.76,0.57,67683,109197565.0,32.76,27.59,0.16,0.31
2016-06-08,600309,0.73,1.03,1.05,0.57,88527,144371381.0,64.86,39.19,0.29,0.41
2016-06-13,600309,1.03,0.57,1.03,0.35,86051,139120505.0,66.02,-44.66,-0.46,0.4
2016-06-14,600309,0.41,0.88,0.89,0.41,109473,177582407.0,84.21,54.39,0.31,0.51
2016-06-15,600309,0.96,1.85,1.95,0.96,202157,348673440.0,112.5,110.23,0.97,0.93
2016-06-16,600309,1.84,1.64,2.51,1.6,279765,499745536.0,49.19,-11.35,-0.21,1.29
2016-06-17,600309,1.7,2.26,2.41,1.68,145686,260187540.0,44.51,37.8,0.62,0.67
2016-06-20,600309,2.23,1.99,2.57,1.82,143982,256942834.0,33.19,-11.95,-0.27,0.67
2016-06-21,600309,2.13,2.01,2.32,1.96,86629,154848484.0,18.09,1.01,0.02,0.4
2016-06-22,600309,2.05,2.37,2.45,1.87,70640,127820704.0,28.86,17.91,0.36,0.33
2016-06-23,600309,2.26,2.25,2.53,2.15,67570,122542750.0,16.03,-5.06,-0.12,0.31
2016-06-24,600309,2.24,1.87,2.24,1.57,112671,198106077.0,29.78,-16.89,-0.38,0.52
2016-06-27,600309,1.75,2.11,2.24,1.75,62111,110215312.0,26.2,12.83,0.24,0.29
2016-06-28,600309,1.99,1.86,1.99,1.66,102630,178904850.0,15.64,-11.85,-0.25,0.47
2016-06-29,600309,1.87,1.66,1.97,1.48,106392,183585084.0,26.34,-10.75,-0.2,0.49
2016-06-30,600309,1.73,1.66,1.81,1.6,68326,118468641.0,12.65,0.0,0.0,0.32
2016-07-01,600309,1.68,1.85,1.92,1.62,61832,108183040.0,18.07,11.45,0.19,0.29
2016-07-04,600309,1.81,2.16,2.38,1.76,110026,197697530.0,33.51,16.76,0.31,0.51
2016-07-05,600309,2.16,2.21,2.25,1.99,55104,98505711.0,12.04,2.31,0.05,0.25
2016-07-06,600309,2.21,2.12,2.21,2.0,68975,122851785.0,9.5,-4.07,-0.09,0.32
2016-07-07,600309,2.07,1.93,2.21,1.57,73823,129953489.0,30.19,-8.96,-0.19,0.34
2016-07-08,600309,1.82,1.61,1.87,1.53,106062,183339663.0,17.62,-16.58,-0.32,0.49
2016-07-11,600309,1.67,1.76,1.87,1.55,57994,101029648.0,19.88,9.32,0.15,0.27
2016-07-12,600309,1.7,2.09,2.11,1.6,67348,118678009.0,28.98,18.75,0.33,0.31
2016-07-13,600309,2.21,2.38,2.82,2.17,165502,304488720.0,31.1,13.88,0.29,0.77
2016-07-14,600309,2.64,2.4,2.64,2.25,46904,85271750.0,16.39,0.84,0.02,0.22
2016-07-15,600309,2.44,2.18,2.44,2.07,52508,94331016.0,15.42,-9.17,-0.22,0.24
2016-07-18,600309,2.11,2.47,2.63,2.0,92851,168991873.0,28.9,13.3,0.29,0.43
2016-07-19,600309,2.42,2.35,2.7,2.15,55255,100714078.0,22.27,-4.86,-0.12,0.26
2016-07-20,600309,2.37,2.34,2.41,2.22,44589,80564782.0,8.09,-0.43,-0.01,0.21
2016-07-21,600309,2.32,2.34,2.59,2.31,75045,136849698.0,11.97,0.0,0.0,0.35
2016-07-22,600309,2.41,2.43,2.57,2.28,66567,121704898.0,12.39,3.85,0.09,0.31
2016-07-25,600309,2.28,2.31,2.47,2.27,31622,57328456.0,8.23,-4.94,-0.12,0.15
2016-07-26,600309,2.32,2.73,2.78,2.28,75079,138740231.0,21.65,18.18,0.42,0.35
2016-07-27,600309,2.66,2.41,2.89,2.11,139820,256975133.0,28.57,-11.72,-0.32,0.65
2016-07-28,600309,2.37,3.32,3.4,2.31,154621,293654704.0,45.23,37.76,0.91,0.72
2016-07-29,600309,3.11,3.16,3.51,3.07,169633,327611904.0,13.25,-4.82,-0.16,0.78
2016-08-01,600309,3.14,2.59,3.14,2.46,133014,246004432.0,21.52,-18.04,-0.57,0.62
2016-08-02,600309,2.91,3.65,3.76,2.91,305255,591093968.0,32.82,40.93,1.06,1.41
2016-08-03,600309,3.57,3.55,3.63,3.32,187616,365131888.0,8.49,-2.74,-0.1,0.87
2016-08-04,600309,3.55,3.66,3.79,3.25,113131,221035560.0,15.21,3.1,0.11,0.52
2016-08-05,600309,3.66,3.47,3.78,3.45,60059,117858087.0,9.02,-5.19,-0.19,0.28
2016-08-08,600309,3.32,3.52,3.71,3.22,82002,159764830.0,14.12,1.44,0.05,0.38
2016-08-09,600309,3.57,4.34,4.48,3.41,195198,397046192.0,30.4,23.3,0.82,0.9
2016-08-10,600309,4.31,4.06,4.31,3.96,72063,145760441.0,8.06,-6.45,-0.28,0.33
2016-08-11,600309,4.07,3.89,4.37,3.86,100184,202737633.0,12.56,-4.19,-0.17,0.46
2016-08-12,600309,3.99,4.01,4.13,3.79,88420,177359164.0,8.74,3.08,0.12,0.41
2016-08-15,600309,3.98,4.11,4.32,3.96,126952,256799275.0,8.98,2.49,0.1,0.59
2016-08-16,600309,4.09,3.81,4.21,3.58,161305,322048560.0,15.33,-7.3,-0.3,0.75
2016-08-17,600309,3.72,3.91,3.97,3.51,124428,245170605.0,12.07,2.62,0.1,0.58
2016-08-18,600309,3.81,3.58,3.86,3.41,133331,261419017.0,11.51,-8.44,-0.33,0.62
2016-08-19,600309,3.41,3.46,3.58,3.41,71884,139995152.0,4.75,-3.35,-0.12,0.33
2016-08-22,600309,3.46,3.55,3.63,3.43,54830,107286596.0,5.78,2.6,0.09,0.25
2016-08-23,600309,3.51,3.59,3.65,3.51,60700,119040007.0,3.94,1.13,0.04,0.28
2016-08-24,600309,3.66,3.57,3.66,3.37,62158,120949444.0,8.08,-0.56,-0.02,0.29
2016-08-25,600309,3.52,3.21,3.52,3.03,93020,177893899.0,13.73,-10.08,-0.36,0.43
2016-08-26,600309,3.28,3.37,3.46,3.17,37271,71974277.0,9.03,4.98,0.16,0.17
2016-08-29,600309,3.37,3.86,4.01,3.23,103687,205283077.0,23.15,14.54,0.49,0.48
2016-08-30,600309,3.79,4.24,4.37,3.79,130883,266709246.0,15.03,9.84,0.38,0.61
2016-08-31,600309,4.26,4.26,4.31,3.95,53699,108974212.0,8.49,0.47,0.02,0.25
2016-09-01,600309,4.26,4.06,4.46,4.04,63189,129049139.0,9.86,-4.69,-0.2,0.29
2016-09-02,600309,3.98,3.91,4.18,3.82,45550,91260711.0,8.87,-3.69,-0.15,0.21
2016-09-05,600309,4.01,4.02,4.39,3.88,53065,107396702.0,13.04,2.81,0.11,0.25
2016-09-06,600309,4.04,4.21,4.26,3.94,56074,113506502.0,7.96,4.73,0.19,0.26
2016-09-07,600309,4.35,4.64,4.97,4.24,134867,282171824.0,17.34,10.21,0.43,0.62
2016-09-08,600309,4.65,4.41,4.71,4.25,114885,236812160.0,9.91,-4.96,-0.23,0.53
2016-09-09,600309,4.33,4.11,4.5,4.1,59132,120820241.0,9.07,-6.8,-0.3,0.27
2016-09-12,600309,3.89,3.91,4.31,3.76,87192,175749963.0,13.38,-4.87,-0.2,0.4
2016-09-13,600309,3.99,4.04,4.14,3.82,55043,110309080.0,8.18,3.32,0.13,0.25
2016-09-14,600309,3.97,4.07,4.27,3.87,75445,152546788.0,9.9,0.74,0.03,0.35
2016-09-19,600309,3.83,4.06,4.2,3.83,57277,115660420.0,9.09,-0.25,-0.01,0.26
2016-09-20,600309,4.14,4.36,4.36,3.94,68773,139925474.0,10.34,7.39,0.3,0.32
2016-09-21,600309,4.01,3.5,4.04,3.41,302612,595640608.0,14.45,-19.72,-0.86,1.4
2016-09-22,600309,3.63,3.78,3.91,3.63,129437,256773553.0,8.0,8.0,0.28,0.6
2016-09-23,600309,3.97,3.63,3.98,3.5,96688,189930744.0,12.7,-3.97,-0.15,0.45
2016-09-26,600309,3.62,3.17,3.63,3.16,87034,168475211.0,12.95,-12.67,-0.46,0.4
2016-09-27,600309,3.1,3.64,3.68,3.07,94753,184972182.0,19.24,14.83,0.47,0.44
2016-09-28,600309,3.74,4.16,4.31,3.67,203632,410872272.0,17.58,14.29,0.52,0.94
2016-09-29,600309,4.22,4.35,4.61,4.11,195707,403669104.0,12.02,4.57,0.19,0.91
2016-09-30,600309,4.28,4.37,4.45,4.14,87316,178746456.0,7.13,0.46,0.02,0.4
2016-10-10,600309,4.99,4.78,5.36,4.55,246344,523648832.0,18.54,9.38,0.41,1.14
2016-10-11,600309,4.93,5.12,5.47,4.78,178284,382790480.0,14.44,7.11,0.34,0.82
2016-10-12,600309,5.33,4.82,5.41,4.74,142343,302167744.0,13.09,-5.86,-0.3,0.66
2016-10-13,600309,4.74,4.81,4.84,4.53,115999,242669240.0,6.43,-0.21,-0.01,0.54
2016-10-14,600309,4.78,4.56,4.93,4.41,110111,229064348.0,10.81,-5.2,-0.25,0.51
2016-10-17,600309,4.64,4.39,4.77,4.29,83780,173448770.0,10.53,-3.73,-0.17,0.39
2016-10-18,600309,4.66,5.11,5.14,4.6,159137,336944144.0,12.3,16.4,0.72,0.74
2016-10-19,600309,5.16,4.87,5.21,4.76,92879,196909912.0,8.81,-4.7,-0.24,0.43
2016-10-20,600309,4.82,5.0,5.21,4.81,116124,247451405.0,8.21,2.67,0.13,0.54
2016-10-21,600309,4.88,5.08,5.28,4.86,96092,205506064.0,8.4,1.6,0.08,0.44
2016-10-24,600309,5.1,5.07,5.29,4.91,82753,177061479.0,7.48,-0.2,-0.01,0.38
2016-10-25,600309,5.08,4.94,5.13,4.82,63340,134417671.0,6.11,-2.56,-0.13,0.29
2016-10-26,600309,4.93,4.86,4.94,4.57,93659,196514172.0,7.49,-1.62,-0.08,0.43
2016-10-27,600309,4.92,5.05,5.26,4.66,89063,189783421.0,12.35,3.91,0.19,0.41
2016-10-28,600309,5.1,5.06,5.13,4.95,59759,127672805.0,3.56,0.2,0.01,0.28
2016-10-31,600309,5.06,4.64,5.06,4.54,113275,237219837.0,10.28,-8.3,-0.42,0.52
2016-11-01,600309,4.63,4.75,4.76,4.49,83049,173356273.0,5.82,2.37,0.11,0.38
2016-11-02,600309,4.66,4.56,4.82,4.51,63245,131823813.0,6.53,-4.0,-0.19,0.29
2016-11-03,600309,4.48,4.62,4.69,4.43,69817,145458588.0,5.7,1.32,0.06,0.32
2016-11-04,600309,4.57,4.44,4.65,4.32,84458,174450546.0,7.14,-3.9,-0.18,0.39
2016-11-07,600309,4.39,4.66,4.7,4.27,96818,200786815.0,9.68,4.95,0.22,0.45
2016-11-08,600309,4.67,4.63,4.77,4.54,90064,187919704.0,4.94,-0.64,-0.03,0.42
2016-11-09,600309,4.57,4.43,4.67,4.21,79309,163652126.0,9.94,-4.32,-0.2,0.37
2016-11-10,600309,4.58,4.62,4.71,4.53,79021,164937567.0,4.06,4.29,0.19,0.37
2016-11-11,600309,4.58,4.7,4.86,4.58,66037,138784579.0,6.06,1.73,0.08,0.31
2016-11-14,600309,4.57,4.38,4.76,4.25,129609,267965652.0,10.85,-6.81,-0.32,0.6
2016-11-15,600309,4.37,4.56,4.6,4.31,68909,142408118.0,6.62,4.11,0.18,0.32
2016-11-16,600309,4.61,4.51,4.73,4.41,62997,131169963.0,7.02,-1.1,-0.05,0.29
2016-11-17,600309,4.51,4.41,4.55,4.32,69965,144182073.0,5.1,-2.22,-0.1,0.32
2016-11-18,600309,4.41,4.36,4.53,4.35,39370,81169381.0,4.08,-1.13,-0.05,0.18
2016-11-21,600309,4.37,4.22,4.41,4.01,131127,266336082.0,9.17,-3.21,-0.14,0.61
2016-11-22,600309,4.27,4.27,4.56,4.2,100649,206479072.0,8.53,1.18,0.05,0.47
2016-11-23,600309,4.3,4.48,4.57,4.23,106853,219089299.0,7.96,4.92,0.21,0.49
2016-11-24,600309,4.53,4.93,5.01,4.48,172679,363812560.0,11.83,10.04,0.45,0.8
2016-11-25,600309,4.95,4.78,4.98,4.56,116760,245116698.0,8.52,-3.04,-0.15,0.54
2016-11-28,600309,4.91,4.6,5.22,4.26,193688,404867408.0,20.08,-3.77,-0.18,0.9
2016-11-29,600309,4.6,4.71,4.96,4.52,184356,386612848.0,9.57,2.39,0.11,0.85
2016-11-30,600309,4.61,4.63,4.85,4.53,77647,162205486.0,6.79,-1.7,-0.08,0.36
2016-12-01,600309,4.63,4.64,4.91,4.53,169264,354125408.0,8.21,0.22,0.01,0.78
2016-12-02,600309,4.74,4.61,4.87,4.56,142064,297860400.0,6.68,-0.65,-0.03,0.66
2016-12-05,600309,4.51,4.26,4.61,4.22,108739,223282010.0,8.46,-7.59,-0.35,0.5
2016-12-06,600309,4.27,4.51,4.53,4.27,96738,199629259.0,6.1,5.87,0.25,0.45
2016-12-07,600309,4.51,4.77,4.81,4.35,64109,133680850.0,10.2,5.76,0.26,0.3
2016-12-08,600309,4.86,4.47,4.9,4.41,66166,137931860.0,10.27,-6.29,-0.3,0.31
2016-12-09,600309,4.47,4.39,4.61,4.28,64209,132336066.0,7.38,-1.79,-0.08,0.3
2016-12-12,600309,4.41,3.95,4.41,3.81,110897,224233100.0,13.67,-10.02,-0.44,0.51
2016-12-13,600309,3.82,3.95,4.1,3.81,66330,132970904.0,7.34,0.0,0.0,0.31
2016-12-14,600309,3.96,4.11,4.37,3.96,104943,214078729.0,10.38,4.05,0.16,0.49
2016-12-15,600309,4.06,4.01,4.15,3.88,83953,168593962.0,6.57,-2.43,-0.1,0.39
2016-12-16,600309,4.06,4.23,4.28,3.91,55935,113457466.0,9.23,5.49,0.22,0.26
2016-12-19,600309,4.28,4.24,4.42,4.06,58451,119502568.0,8.51,0.24,0.01,0.27
2016-12-20,600309,4.26,4.21,4.27,4.07,51524,104779076.0,4.72,-0.71,-0.03,0.24
2016-12-21,600309,4.24,4.96,5.01,4.24,196243,410590800.0,18.29,17.81,0.75,0.91
2016-12-22,600309,4.97,5.26,5.56,4.86,150448,324525424.0,14.11,6.05,0.3,0.7
2016-12-23,600309,5.26,5.26,5.47,5.17,115613,250796943.0,5.7,0.0,0.0,0.53
2016-12-26,600309,5.31,5.29,5.71,5.04,162001,352311952.0,12.74,0.57,0.03,0.75
2016-12-27,600309,5.23,5.3,5.51,5.21,115650,251308977.0,5.67,0.19,0.01,0.53
2016-12-28,600309,5.42,5.22,5.56,5.16,88585,191447266.0,7.55,-1.51,-0.08,0.41
2016-12-29,600309,5.21,5.0,5.3,4.93,112669,241757855.0,7.09,-4.21,-0.22,0.52
2016-12-30,600309,5.06,5.18,5.47,5.06,221127,478222128.0,8.2,3.6,0.18,1.02
2017-01-03,600309,5.2,6.27,6.36,5.2,273739,614615728.0,22.39,21.04,1.09,1.27
2017-01-04,600309,6.27,7.0,7.03,6.16,273071,637781984.0,13.88,11.64,0.73,1.26
2017-01-05,600309,7.01,6.8,7.02,6.69,110848,259986062.0,4.71,-2.86,-0.2,0.51
2017-01-06,600309,6.91,6.9,7.14,6.56,137856,323624336.0,8.53,1.47,0.1,0.64
2017-01-09,600309,6.91,6.75,7.36,6.61,175738,417116656.0,10.87,-2.17,-0.15,0.81
2017-01-10,600309,6.86,6.89,7.17,6.64,92922,219643705.0,7.85,2.07,0.14,0.43
2017-01-11,600309,7.03,6.8,7.11,6.69,77706,183206279.0,6.1,-1.31,-0.09,0.36
2017-01-12,600309,6.87,6.66,7.11,6.59,118396,278647216.0,7.65,-2.06,-0.14,0.55
2017-01-13,600309,6.64,6.83,7.03,6.25,122569,284594592.0,11.71,2.55,0.17,0.57
2017-01-16,600309,6.82,7.24,7.49,6.75,326549,780267424.0,10.83,6.0,0.41,1.51
2017-01-17,600309,7.35,6.76,7.35,6.49,151909,356998544.0,11.88,-6.63,-0.48,0.7
2017-01-18,600309,6.91,7.78,7.99,6.78,309524,753597504.0,17.9,15.09,1.02,1.43
2017-01-19,600309,7.81,7.64,8.12,7.48,161074,396454592.0,8.23,-1.8,-0.14,0.74
2017-01-20,600309,7.61,7.81,7.88,7.55,109386,268630288.0,4.32,2.23,0.17,0.51
2017-01-23,600309,7.98,7.85,8.08,7.68,101074,250440753.0,5.12,0.51,0.04,0.47
2017-01-24,600309,7.89,8.05,8.36,7.74,181515,455755568.0,7.9,2.55,0.2,0.84
2017-01-25,600309,8.07,7.86,8.07,7.57,90153,222819390.0,6.21,-2.36,-0.19,0.42
2017-01-26,600309,7.91,7.6,7.96,7.55,98449,241516302.0,5.22,-3.31,-0.26,0.46
2017-02-03,600309,7.71,7.91,8.12,7.57,91082,226131385.0,7.24,4.08,0.31,0.42
2017-02-06,600309,8.11,7.73,8.16,7.61,137575,340450416.0,6.95,-2.28,-0.18,0.64
2017-02-07,600309,7.73,7.31,7.73,7.18,181086,438303360.0,7.12,-5.43,-0.42,0.84
2017-02-08,600309,7.31,7.2,7.31,6.9,182952,436329984.0,5.61,-1.5,-0.11,0.85
2017-02-09,600309,7.28,7.22,7.44,7.02,177015,423504096.0,5.83,0.28,0.02,0.82
2017-02-10,600309,7.24,8.19,8.21,7.22,301250,743484960.0,13.71,13.43,0.97,1.39
2017-02-13,600309,8.25,8.35,8.71,8.16,214738,545821808.0,6.72,1.95,0.16,0.99
2017-02-14,600309,8.27,7.91,8.35,7.78,170350,422600848.0,6.83,-5.27,-0.44,0.79
2017-02-15,600309,8.05,7.73,8.15,7.71,171770,425708208.0,5.56,-2.28,-0.18,0.79
2017-02-16,600309,7.81,9.16,9.49,7.81,416366,1076041760.0,21.73,18.5,1.43,1.93
2017-02-17,600309,9.31,9.06,9.39,8.74,196630,514105712.0,7.1,-1.09,-0.1,0.91
2017-02-20,600309,9.2,9.31,9.95,9.16,237860,637263536.0,8.72,2.76,0.25,1.1
2017-02-21,600309,9.22,9.47,9.65,9.22,154045,410243088.0,4.62,1.72,0.16,0.71
2017-02-22,600309,9.52,10.04,10.38,9.34,243817,666535520.0,10.98,6.02,0.57,1.13
2017-02-23,600309,10.03,9.71,10.06,9.55,193723,523613056.0,5.08,-3.29,-0.33,0.9
2017-02-24,600309,9.71,9.6,9.78,9.26,164792,438436560.0,5.36,-1.13,-0.11,0.76
2017-02-27,600309,9.91,8.61,10.07,8.59,450451,1180183776.0,15.42,-10.31,-0.99,2.08
2017-02-28,600309,8.76,9.09,9.36,8.76,247540,647378000.0,6.97,5.57,0.48,1.14
2017-03-01,600309,8.93,9.1,9.31,8.9,157748,413845712.0,4.51,0.11,0.01,0.73
2017-03-02,600309,9.11,9.23,9.77,9.07,241808,644959888.0,7.69,1.43,0.13,1.12
2017-03-03,600309,9.05,9.25,9.28,8.84,188494,494173296.0,4.77,0.22,0.02,0.87
2017-03-06,600309,9.36,9.66,9.95,9.32,243722,655060576.0,6.81,4.43,0.41,1.13
2017-03-07,600309,9.57,10.04,10.27,9.51,250997,683930912.0,7.87,3.93,0.38,1.16
2017-03-08,600309,10.21,9.96,10.32,9.82,148360,404841424.0,4.98,-0.8,-0.08,0.69
2017-03-09,600309,10.24,9.31,10.24,9.22,325497,873599040.0,10.24,-6.53,-0.65,1.51
2017-03-10,600309,9.15,9.44,9.62,9.13,189324,502802496.0,5.26,1.4,0.13,0.88
2017-03-13,600309,9.26,9.53,9.81,9.26,206678,553718768.0,5.83,0.95,0.09,0.96
2017-03-14,600309,9.57,9.78,9.86,9.56,226020,609778048.0,3.15,2.62,0.25,1.05
2017-03-15,600309,9.91,9.9,10.18,9.79,222136,605974064.0,3.99,1.23,0.12,1.03
2017-03-16,600309,9.86,9.89,10.02,9.63,220343,595553536.0,3.94,-0.1,-0.01,1.02
2017-03-17,600309,9.95,9.75,10.2,9.72,210932,573659904.0,4.85,-1.42,-0.14,0.98
2017-03-20,600309,9.68,9.49,9.75,9.1,245803,653730528.0,6.67,-2.67,-0.26,1.14
2017-03-21,600309,9.51,9.67,9.68,9.31,135250,361311024.0,3.9,1.9,0.18,0.63
2017-03-22,600309,9.49,9.3,9.64,9.1,181325,480484512.0,5.58,-3.83,-0.37,0.84
2017-03-23,600309,9.28,9.18,9.5,9.03,218654,576351552.0,5.05,-1.29,-0.12,1.01
2017-03-24,600309,9.11,10.19,10.24,9.11,317575,859373856.0,12.31,11.0,1.01,1.47
2017-03-27,600309,10.19,9.86,10.46,9.73,270517,742651168.0,7.16,-3.24,-0.33,1.25
2017-03-28,600309,9.86,9.89,10.11,9.66,155880,422645104.0,4.56,0.3,0.03,0.72
2017-03-29,600309,9.9,9.33,9.99,9.22,236133,629696912.0,7.79,-5.66,-0.56,1.09
2017-03-30,600309,9.39,9.4,9.73,8.97,166389,441046688.0,8.15,0.75,0.07,0.77
2017-03-31,600309,9.47,9.83,9.86,9.24,156065,419175024.0,6.6,4.57,0.43,0.72
2017-04-05,600309,9.85,10.53,10.69,9.84,309457,860948784.0,8.65,7.12,0.7,1.43
2017-04-06,600309,10.53,10.68,10.77,10.28,148851,415968336.0,4.65,1.42,0.15,0.69
2017-04-07,600309,10.66,11.27,11.61,10.62,255615,734611760.0,9.27,5.52,0.59,1.18
2017-04-10,600309,11.34,11.32,12.03,11.27,249975,730453200.0,6.74,0.44,0.05,1.16
2017-04-11,600309,11.28,11.4,11.62,10.74,236961,683320848.0,7.77,0.71,0.08,1.1
2017-04-12,600309,11.41,11.13,11.71,10.92,195860,564682576.0,6.93,-2.37,-0.27,0.91
2017-04-13,600309,11.04,11.65,11.85,11.04,234075,683192320.0,7.28,4.67,0.52,1.08
2017-04-14,600309,11.81,11.85,12.06,11.33,203041,596674176.0,6.27,1.72,0.2,0.94
2017-04-17,600309,11.39,10.59,11.65,10.51,582925,1656758400.0,9.62,-10.63,-1.26,2.7
2017-04-18,600309,10.61,12.23,12.56,10.56,557018,1629673360.0,18.89,15.49,1.64,2.58
2017-04-19,600309,12.23,12.45,12.53,11.91,333748,1002731856.0,5.07,1.8,0.22,1.54
2017-04-20,600309,12.25,13.36,13.81,12.12,465849,1444409360.0,13.57,7.31,0.91,2.15
2017-04-21,600309,13.26,12.8,13.55,12.62,255534,792301792.0,6.96,-4.19,-0.56,1.18
2017-04-24,600309,12.63,12.72,13.14,11.97,262252,800537088.0,9.14,-0.63,-0.08,1.21
2017-04-25,600309,12.76,12.33,12.88,11.97,338058,1017017568.0,7.15,-3.07,-0.39,1.56
2017-04-26,600309,12.33,11.47,12.64,11.44,520133,1540688704.0,9.73,-6.97,-0.86,2.41
2017-04-27,600309,11.16,10.71,11.2,10.01,638697,1783364256.0,10.37,-6.63,-0.76,2.95
2017-04-28,600309,10.32,10.46,10.66,10.1,325515,903780144.0,5.23,-2.33,-0.25,1.51
2017-05-02,600309,10.5,10.81,10.82,9.86,298468,825618512.0,9.18,3.35,0.35,1.38
2017-05-03,600309,10.7,10.8,11.06,10.61,243418,689951280.0,4.16,-0.09,-0.01,1.13
2017-05-04,600309,10.74,10.45,10.77,10.25,164731,460629984.0,4.81,-3.24,-0.35,0.76
2017-05-05,600309,10.11,9.49,10.4,9.47,363056,986744144.0,8.9,-9.19,-0.96,1.68
2017-05-08,600309,9.36,9.7,10.12,9.26,211360,572325792.0,9.06,2.21,0.21,0.98
2017-05-09,600309,9.63,10.03,10.2,9.46,155968,423990528.0,7.63,3.4,0.33,0.72
2017-05-10,600309,10.05,9.32,10.16,9.13,368383,984341408.0,10.27,-7.08,-0.71,1.7
2017-05-11,600309,9.17,9.55,9.66,8.99,237436,628690016.0,7.19,2.47,0.23,1.1
2017-05-12,600309,9.65,9.64,10.06,9.52,224093,605562688.0,5.65,0.94,0.09,1.04
2017-05-15,600309,9.67,10.55,10.78,9.67,338526,937088880.0,11.51,9.44,0.91,1.57
2017-05-16,600309,10.55,10.83,10.86,10.16,258843,725986448.0,6.64,2.65,0.28,1.2
2017-05-17,600309,10.86,10.94,11.64,10.82,325557,936808944.0,7.57,1.02,0.11,1.51
2017-05-18,600309,10.86,11.35,11.66,10.67,207626,490768624.0,9.05,3.75,0.41,0.8
2017-05-19,600309,11.11,10.79,11.26,10.69,218815,507740688.0,5.02,-4.93,-0.56,0.84
2017-05-22,600309,10.84,10.81,11.23,10.57,167785,390243056.0,6.12,0.19,0.02,0.65
2017-05-23,600309,10.77,11.57,11.77,10.73,392429,928722480.0,9.62,7.03,0.76,1.51
2017-05-24,600309,11.52,11.56,11.7,11.17,237412,562724576.0,4.58,-0.09,-0.01,0.91
2017-05-25,600309,11.48,11.68,11.89,11.36,267229,640402944.0,4.58,1.04,0.12,1.03
2017-05-26,600309,11.54,10.77,11.63,10.75,357849,836930176.0,7.53,-7.79,-0.91,1.38
2017-05-31,600309,11.03,10.79,11.18,10.76,158272,368266448.0,3.9,0.19,0.02,0.61
2017-06-01,600309,10.8,10.27,10.9,9.99,277001,626754064.0,8.43,-4.82,-0.52,1.07
2017-06-02,600309,10.25,10.35,10.51,10.13,141679,321252464.0,3.7,0.78,0.08,0.55
2017-06-05,600309,10.33,10.43,10.54,10.22,112526,255723737.0,3.09,0.77,0.08,0.43
2017-06-06,600309,10.31,10.42,10.49,10.31,129031,293001936.0,1.73,-0.1,-0.01,0.5
2017-06-07,600309,10.52,12.1,12.34,10.51,618690,1485596496.0,17.56,16.12,1.68,2.38
2017-06-08,600309,11.94,12.23,12.26,11.85,429729,1050136192.0,3.39,1.07,0.13,1.66
2017-06-09,600309,12.33,12.44,12.79,12.14,430566,1068911184.0,5.31,1.72,0.21,1.66
2017-06-12,600309,12.44,13.32,13.72,12.32,602221,1537830128.0,11.25,7.07,0.88,2.32
2017-06-13,600309,13.36,13.48,13.72,13.04,341713,879689344.0,5.11,1.2,0.16,1.32
2017-06-14,600309,13.3,12.84,13.45,12.66,343848,872733248.0,5.86,-4.75,-0.64,1.33
2017-06-15,600309,12.77,12.58,13.14,12.46,326980,818040672.0,5.3,-2.02,-0.26,1.26
2017-06-16,600309,12.6,12.99,13.02,12.33,322341,804939344.0,5.48,3.26,0.41,1.24
2017-06-19,600309,13.05,13.11,13.3,12.69,293550,745360400.0,4.7,0.92,0.12,1.13
2017-06-20,600309,13.14,13.07,13.21,12.87,228152,579141488.0,2.59,-0.31,-0.04,0.88
2017-06-21,600309,13.19,14.16,14.24,13.06,536343,1404645792.0,9.03,8.34,1.09,2.07
2017-06-22,600309,14.19,13.73,14.79,13.68,501058,1333790144.0,7.84,-3.04,-0.43,1.93
2017-06-23,600309,13.87,14.7,14.74,13.67,423612,1121062720.0,7.79,7.06,0.97,1.63
2017-06-26,600309,15.02,15.55,15.75,15.02,651812,1811414432.0,4.97,5.78,0.85,2.51
2017-06-27,600309,15.54,15.45,16.0,15.08,419353,1169836720.0,5.92,-0.64,-0.1,1.62
2017-06-28,600309,15.32,16.64,16.73,15.26,563817,1604677920.0,9.51,7.7,1.19,2.17
2017-06-29,600309,16.24,16.42,16.58,16.02,448416,1284186000.0,3.37,-1.32,-0.22,1.73
2017-06-30,600309,16.31,16.3,17.23,16.2,428779,1246219472.0,6.27,-0.73,-0.12,1.65
2017-07-03,600309,16.31,15.95,16.49,15.64,390975,1104986688.0,5.21,-2.15,-0.35,1.51
2017-07-04,600309,15.92,15.79,16.14,15.48,374585,1050005456.0,4.14,-1.0,-0.16,1.44
2017-07-05,600309,15.79,16.25,16.39,15.14,440008,1236686960.0,7.92,2.91,0.46,1.7
2017-07-06,600309,16.16,16.3,16.33,15.74,393003,1114593792.0,3.63,0.31,0.05,1.51
2017-07-07,600309,16.25,16.32,16.77,16.15,389607,1120785376.0,3.8,0.12,0.02,1.5
2017-07-10,600309,16.37,15.87,16.59,15.56,400561,1134110768.0,6.31,-2.76,-0.45,1.54
2017-07-11,600309,15.95,16.66,16.93,15.85,504520,1454394272.0,6.81,4.98,0.79,1.94
2017-07-12,600309,16.76,16.73,17.01,16.37,384103,1112183264.0,3.84,0.42,0.07,1.48
2017-07-13,600309,17.46,16.23,17.52,16.19,458464,1335139264.0,7.95,-2.99,-0.5,1.77
2017-07-14,600309,16.19,16.89,16.91,15.81,374613,1074625728.0,6.78,4.07,0.66,1.44
2017-07-17,600309,16.78,16.85,17.74,16.07,685558,2021496448.0,9.89,-0.24,-0.04,2.64
2017-07-18,600309,16.54,16.9,17.51,16.17,498255,1454024848.0,7.95,0.3,0.05,1.92
2017-07-19,600309,17.02,18.58,18.73,16.72,772450,2343088736.0,11.89,9.94,1.68,2.98
2017-07-20,600309,18.34,19.46,20.04,18.26,825151,2612420640.0,9.58,4.74,0.88,3.18
2017-07-21,600309,19.26,19.47,19.98,19.09,462190,1470171920.0,4.57,0.05,0.01,1.78
2017-07-24,600309,19.26,19.22,19.61,18.85,536736,1692333584.0,3.9,-1.28,-0.25,2.07
2017-07-25,600309,19.15,19.37,19.65,18.75,380406,1200274928.0,4.68,0.78,0.15,1.47
2017-07-26,600309,19.46,19.92,20.65,19.46,657271,2135064944.0,6.14,2.84,0.55,2.53
2017-07-27,600309,19.65,18.7,19.65,18.46,604894,1892511616.0,5.97,-6.12,-1.22,2.33
2017-07-28,600309,19.07,19.28,20.03,18.91,448304,1423413408.0,5.99,3.1,0.58,1.73
2017-07-31,600309,19.87,22.3,22.32,19.63,718050,2388693472.0,13.95,15.66,3.02,2.77
2017-08-01,600309,22.66,22.13,23.95,22.02,978599,3443323728.0,8.65,-0.76,-0.17,3.77
2017-08-02,600309,22.48,22.36,22.76,21.71,565330,1954963760.0,4.74,1.04,0.23,2.18
2017-08-03,600309,22.16,21.8,22.94,21.68,537450,1858213392.0,5.64,-2.5,-0.56,2.07
2017-08-04,600309,21.71,21.94,22.53,21.17,555815,1904362320.0,6.24,0.64,0.14,2.14
2017-08-07,600309,21.97,21.95,22.13,20.95,472291,1598068432.0,5.38,0.05,0.01,1.82
2017-08-08,600309,21.56,21.78,22.42,21.48,345420,1183142720.0,4.28,-0.77,-0.17,1.33
2017-08-09,600309,21.67,21.65,22.09,21.02,325626,1100243856.0,4.91,-0.6,-0.13,1.25
2017-08-10,600309,21.65,21.11,21.65,21.05,296192,995368560.0,2.77,-2.49,-0.54,1.14
2017-08-11,600309,20.76,19.1,20.92,19.06,696625,2242085344.0,8.81,-9.52,-2.01,2.68
2017-08-14,600309,19.12,20.98,21.12,19.12,505209,1656341152.0,10.47,9.84,1.88,1.95
2017-08-15,600309,21.34,22.1,22.65,21.1,586701,2016624832.0,7.39,5.34,1.12,2.26
2017-08-16,600309,21.97,21.51,22.32,21.34,350168,1189768160.0,4.43,-2.67,-0.59,1.35
2017-08-17,600309,21.66,22.18,22.49,21.54,429892,1480217648.0,4.42,3.11,0.67,1.66
2017-08-18,600309,21.87,22.16,22.51,21.48,416600,1431235152.0,4.64,-0.09,-0.02,1.61
2017-08-21,600309,22.17,22.19,22.76,22.0,301827,1046236640.0,3.43,0.14,0.03,1.16
2017-08-22,600309,22.96,24.01,24.16,22.67,675662,2417758128.0,6.71,8.2,1.82,2.6
2017-08-23,600309,23.67,23.42,24.01,23.19,404708,1452146640.0,3.42,-2.46,-0.59,1.56
2017-08-24,600309,23.46,23.51,23.98,23.01,370057,1325792064.0,4.14,0.38,0.09,1.43
2017-08-25,600309,23.4,23.56,23.93,23.34,300509,1081377312.0,2.51,0.21,0.05,1.16
2017-08-28,600309,23.5,23.35,23.83,23.09,378514,1354824208.0,3.14,-0.89,-0.21,1.46
2017-08-29,600309,23.86,23.1,24.43,23.08,410086,1478817104.0,5.78,-1.07,-0.25,1.58
2017-08-30,600309,23.16,23.56,23.98,22.89,437842,1568321296.0,4.72,1.99,0.46,1.69
2017-08-31,600309,23.66,23.69,23.99,23.36,289032,1039450704.0,2.67,0.55,0.13,1.11
2017-09-01,600309,23.94,24.89,25.11,23.8,547370,2024427312.0,5.53,5.07,1.2,2.11
2017-09-04,600309,25.06,24.81,25.6,24.59,404799,1512746096.0,4.06,-0.32,-0.08,1.56
2017-09-05,600309,24.98,24.85,25.11,24.49,250046,928527888.0,2.5,0.16,0.04,0.96
2017-09-06,600309,24.86,26.17,26.44,24.86,492100,1878370416.0,6.36,5.31,1.32,1.9
2017-09-07,600309,26.4,27.18,28.38,25.96,696576,2759212848.0,9.25,3.86,1.01,2.68
2017-09-08,600309,27.66,27.79,28.13,27.23,409484,1636880080.0,3.31,2.24,0.61,1.58
2017-09-11,600309,28.07,27.09,28.11,26.47,620257,2445515312.0,5.9,-2.52,-0.7,2.39
2017-09-12,600309,28.02,29.96,30.43,27.71,799565,3316177936.0,10.04,10.59,2.87,3.08
2017-09-13,600309,29.66,30.29,30.51,29.26,597026,2526519280.0,4.17,1.1,0.33,2.3
2017-09-14,600309,30.4,29.84,30.53,29.46,452082,1904863936.0,3.53,-1.49,-0.45,1.74
2017-09-15,600309,30.24,29.23,30.46,29.07,516936,2173923168.0,4.66,-2.04,-0.61,1.99
2017-09-18,600309,28.91,28.63,29.14,28.22,461001,1885025888.0,3.15,-2.05,-0.6,1.78
2017-09-19,600309,28.53,27.55,28.99,27.06,557053,2236109184.0,6.74,-3.77,-1.08,2.15
2017-09-20,600309,27.66,27.96,28.54,27.21,392385,1579295632.0,4.83,1.49,0.41,1.51
2017-09-21,600309,27.72,27.2,28.15,27.17,321096,1281285632.0,3.51,-2.72,-0.76,1.24
2017-09-22,600309,26.76,26.37,27.03,26.26,381515,1485590368.0,2.83,-3.05,-0.83,1.47
2017-09-25,600309,26.37,27.63,27.91,26.29,414304,1647536016.0,6.14,4.78,1.26,1.6
2017-09-26,600309,27.75,28.08,28.44,27.34,349678,1406671040.0,3.98,1.63,0.45,1.35
2017-09-27,600309,28.11,28.6,28.79,27.72,308225,1256795568.0,3.81,1.85,0.52,1.19
2017-09-28,600309,29.5,29.37,30.49,29.16,479379,2018973424.0,4.65,2.69,0.77,1.85
2017-09-29,600309,29.57,29.81,30.27,29.19,304287,1278297536.0,3.68,1.5,0.44,1.17
2017-10-09,600309,30.67,30.62,31.21,30.09,403024,1730463152.0,3.76,2.72,0.81,1.55
2017-10-10,600309,30.56,31.14,31.34,30.49,401887,1738000608.0,2.78,1.7,0.52,1.55
2017-10-11,600309,31.06,29.07,31.31,28.97,705090,2973713376.0,7.51,-6.65,-2.07,2.72
2017-10-12,600309,29.04,30.35,30.41,28.24,473248,1976345600.0,7.46,4.4,1.28,1.82
2017-10-13,600309,30.31,29.1,30.54,28.7,497666,2072821520.0,6.06,-4.12,-1.25,1.92
2017-10-16,600309,27.88,26.45,27.88,26.28,1082719,4253833488.0,5.5,-9.11,-2.65,4.17
2017-10-17,600309,26.16,26.56,26.86,25.96,389298,1513546304.0,3.4,0.42,0.11,1.5
2017-10-18,600309,26.56,25.37,26.7,25.17,654067,2485181520.0,5.76,-4.48,-1.19,2.52
2017-10-19,600309,25.64,25.65,26.3,25.37,349324,1333193776.0,3.67,1.1,0.28,1.35
2017-10-20,600309,25.65,26.79,26.88,24.95,475357,1817106864.0,7.52,4.44,1.14,1.83
2017-10-23,600309,26.76,26.6,26.88,26.21,274719,1067847184.0,2.5,-0.71,-0.19,1.06
2017-10-24,600309,26.41,26.15,26.91,25.86,275035,1062403472.0,3.95,-1.69,-0.45,1.06
2017-10-25,600309,26.33,26.66,26.81,26.07,277959,1080577936.0,2.83,1.95,0.51,1.07
2017-10-26,600309,26.56,27.7,28.06,26.29,579641,2299067488.0,6.64,3.9,1.04,2.23
2017-10-27,600309,27.55,26.86,27.94,26.68,422449,1668055888.0,4.55,-3.03,-0.84,1.63
2017-10-30,600309,26.26,25.24,26.26,25.07,590962,2241498208.0,4.43,-6.03,-1.62,2.28
2017-10-31,600309,25.43,24.74,25.6,23.94,577431,2134786768.0,6.58,-1.98,-0.5,2.23
2017-11-01,600309,24.79,25.01,25.31,24.4,300933,1123704832.0,3.68,1.09,0.27,1.16
2017-11-02,600309,24.81,23.63,24.81,23.61,449645,1631732480.0,4.8,-5.52,-1.38,1.73
2017-11-03,600309,23.26,23.31,23.99,22.86,372929,1333255776.0,4.78,-1.35,-0.32,1.44
2017-11-06,600309,23.28,24.8,24.96,23.18,483716,1764295456.0,7.64,6.39,1.49,1.86
2017-11-07,600309,24.76,25.34,25.99,24.56,511149,1934534288.0,5.77,2.18,0.54,1.97
2017-11-08,600309,25.26,25.12,25.63,25.01,299348,1125212272.0,2.45,-0.87,-0.22,1.15
2017-11-09,600309,25.21,24.89,25.59,24.55,298575,1114330160.0,4.14,-0.92,-0.23,1.15
2017-11-10,600309,24.92,24.4,25.05,23.78,452941,1656825440.0,5.1,-1.97,-0.49,1.75
2017-11-13,600309,24.29,27.46,27.64,24.15,942553,3635727952.0,14.3,12.54,3.06,3.63
2017-11-14,600309,27.63,27.87,28.54,27.16,819553,3299999680.0,5.03,1.49,0.41,3.16
2017-11-15,600309,27.6,27.33,28.75,26.92,557632,2237887552.0,6.57,-1.94,-0.54,2.15
2017-11-16,600309,27.05,28.6,28.92,27.04,635668,2582412736.0,6.88,4.65,1.27,2.45
2017-11-17,600309,28.62,26.98,28.82,26.95,576355,2312763360.0,6.54,-5.66,-1.62,2.22
2017-11-20,600309,26.96,26.74,26.96,25.01,471545,1814004288.0,7.23,-0.89,-0.24,1.82
2017-11-21,600309,26.6,27.83,28.44,26.54,500866,2003893232.0,7.11,4.08,1.09,1.93
2017-11-22,600309,28.06,26.88,28.25,26.55,445433,1767462176.0,6.11,-3.41,-0.95,1.72
2017-11-23,600309,26.9,26.47,27.86,26.44,490475,1937373872.0,5.28,-1.53,-0.41,1.89
2017-11-24,600309,26.17,25.34,26.84,24.91,451043,1710384608.0,7.29,-4.27,-1.13,1.74
2017-11-27,600309,25.54,24.71,26.31,24.17,359558,1346682016.0,8.45,-2.49,-0.63,1.39
2017-11-28,600309,24.66,25.29,25.44,24.42,270905,1009945008.0,4.13,2.35,0.58,1.04
2017-11-29,600309,25.16,26.48,27.01,24.57,529548,2030377744.0,9.65,4.71,1.19,2.04
2017-11-30,600309,26.38,26.16,26.91,26.07,330652,1281422576.0,3.17,-1.21,-0.32,1.27
2017-12-01,600309,26.16,25.28,26.34,25.26,299427,1139611072.0,4.13,-3.36,-0.88,1.15
2017-12-04,600309,25.26,25.6,26.01,24.49,269613,1020515232.0,6.01,1.27,0.32,1.04
2018-06-04,600309,29.24,29.24,29.24,29.24,72809,291819520.0,0.0,14.22,3.64,0.27
2018-06-05,600309,33.25,33.25,33.25,31.48,1710494,7489260032.0,6.05,13.71,4.01,6.26
2018-06-06,600309,33.25,34.68,37.26,33.16,1300375,5931293440.0,12.33,4.3,1.43,4.76
2018-06-07,600309,36.16,37.13,37.24,35.56,925641,4388643328.0,4.84,7.06,2.45,3.39
2018-06-08,600309,37.36,36.6,37.51,36.18,689186,3275706704.0,3.58,-1.43,-0.53,2.52
2018-06-11,600309,36.54,38.46,39.01,36.34,813593,3975434512.0,7.3,5.08,1.86,2.98
2018-06-12,600309,38.07,38.7,38.73,37.44,590980,2895479008.0,3.35,0.62,0.24,2.16
2018-06-13,600309,39.16,38.45,39.66,37.96,613598,3041735488.0,4.39,-0.65,-0.25,2.24
2018-06-14,600309,38.16,36.91,38.39,36.62,692316,3325724352.0,4.6,-4.01,-1.54,2.53
2018-06-15,600309,37.19,37.12,37.76,36.66,447186,2147407056.0,2.98,0.57,0.21,1.64
2018-06-19,600309,36.16,36.53,36.73,35.02,1216031,5701891328.0,4.61,-1.59,-0.59,4.45
2018-06-20,600309,35.97,35.92,36.43,35.36,396403,1857461936.0,2.93,-1.67,-0.61,1.45
2018-06-21,600309,36.11,37.22,38.64,35.46,639915,3090503360.0,8.85,3.62,1.3,2.34
2018-06-22,600309,36.91,37.8,37.88,36.32,340930,1642261856.0,4.19,1.56,0.58,1.25
2018-06-25,600309,38.36,35.09,38.48,34.9,549954,2622318976.0,9.47,-7.17,-2.71,2.01
2018-06-26,600309,34.36,35.5,36.29,34.27,472692,2182650960.0,5.76,1.17,0.41,1.73
2018-06-27,600309,35.69,34.02,36.13,33.54,547673,2488608000.0,7.3,-4.17,-1.48,2.0
2018-06-28,600309,33.76,32.3,33.91,32.07,527870,2310879632.0,5.41,-5.06,-1.72,1.93
2018-06-29,600309,32.63,34.58,34.65,32.62,367148,1641150816.0,6.28,7.06,2.28,1.34
2018-07-02,600309,34.16,33.7,35.31,33.06,367010,1653847200.0,6.51,-2.54,-0.88,1.34
2018-07-03,600309,34.51,33.88,34.71,32.39,336436,1494693136.0,6.88,0.53,0.18,1.23
2018-07-04,600309,33.85,33.56,34.13,33.17,217961,968489680.0,2.83,-0.94,-0.32,0.8
2018-07-05,600309,33.55,34.19,34.25,32.5,460557,2037912096.0,5.21,1.88,0.63,1.68
2018-07-06,600309,33.98,33.15,34.41,32.8,370816,1644928256.0,4.71,-3.04,-1.04,1.36
2018-07-09,600309,33.16,34.95,35.02,33.03,408932,1846285520.0,6.0,5.43,1.8,1.5
2018-07-10,600309,34.96,35.1,35.15,34.59,237140,1084531264.0,1.6,0.43,0.15,0.87
2018-07-11,600309,33.81,34.16,34.51,33.45,264784,1185997488.0,3.02,-2.68,-0.94,0.97
2018-07-12,600309,33.91,35.29,35.62,33.91,286976,1319291104.0,5.01,3.31,1.13,1.05
2018-07-13,600309,35.46,39.64,39.66,35.2,744072,3623714048.0,12.64,12.33,4.35,2.72
2018-07-16,600309,39.58,40.27,40.42,38.76,492582,2482252880.0,4.19,1.59,0.63,1.8
2018-07-17,600309,40.01,41.24,42.14,39.32,545282,2812056736.0,7.0,2.41,0.97,1.99
2018-07-18,600309,41.35,42.36,44.11,40.96,615975,3291860832.0,7.64,2.72,1.12,2.25
2018-07-19,600309,42.04,40.53,42.93,40.03,566558,2942910544.0,6.85,-4.32,-1.83,2.07
2018-07-20,600309,40.36,40.06,41.01,39.46,433552,2213388352.0,3.82,-1.16,-0.47,1.59
2018-07-23,600309,40.03,42.46,42.5,39.76,497102,2608879248.0,6.84,5.99,2.4,1.82
2018-07-24,600309,42.91,42.06,44.09,41.59,506151,2699888896.0,5.89,-0.94,-0.4,1.85
2018-07-25,600309,42.12,41.59,43.51,41.16,440310,2334123536.0,5.59,-1.12,-0.47,1.61
2018-07-26,600309,41.89,42.12,42.4,41.05,354176,1864256336.0,3.25,1.27,0.53,1.3
2018-07-27,600309,42.15,39.91,42.21,39.67,358105,1834717136.0,6.03,-5.25,-2.21,1.31
2018-07-30,600309,40.16,40.77,41.74,40.16,303050,1570626288.0,3.96,2.15,0.86,1.11
2018-07-31,600309,41.26,40.12,41.51,39.84,260269,1333490048.0,4.1,-1.59,-0.65,0.95
2018-08-01,600309,40.36,41.31,42.52,40.34,479007,2516601120.0,5.43,2.97,1.19,1.75
2018-08-02,600309,40.86,40.17,41.13,38.91,470388,2392796288.0,5.37,-2.76,-1.14,1.72
2018-08-03,600309,40.06,37.67,40.4,37.6,402247,1991923888.0,6.97,-6.22,-2.5,1.47
2018-08-06,600309,37.16,36.21,37.61,35.66,382689,1809724384.0,5.18,-3.88,-1.46,1.4
2018-08-07,600309,36.38,37.76,38.03,36.38,339902,1634480384.0,4.56,4.28,1.55,1.24
2018-08-08,600309,37.26,37.73,38.88,36.64,379865,1858290688.0,5.93,-0.08,-0.03,1.39
2018-08-09,600309,37.16,39.05,39.44,36.95,314088,1556821760.0,6.6,3.5,1.32,1.15
2018-08-17,600309,39.16,36.68,40.31,36.66,472525,2320949328.0,9.35,-6.07,-2.37,1.73
2018-08-20,600309,36.33,36.66,37.45,35.52,282239,1337830224.0,5.26,-0.05,-0.02,1.03
2018-08-21,600309,36.65,37.34,37.95,36.55,204357,985106672.0,3.82,1.85,0.68,0.75
2018-08-22,600309,37.5,37.69,38.29,36.84,180288,877136896.0,3.88,0.94,0.35,0.66
2018-08-23,600309,37.69,37.14,38.14,35.96,264131,1262822112.0,5.78,-1.46,-0.55,0.97
2018-08-24,600309,36.71,36.74,37.25,36.36,123317,587655648.0,2.4,-1.08,-0.4,0.45
2018-08-27,600309,37.01,38.76,38.91,36.81,283104,1380938016.0,5.72,5.5,2.02,1.04
2018-08-28,600309,38.66,39.44,40.02,38.41,300543,1505562304.0,4.15,1.75,0.68,1.1
2018-08-29,600309,38.88,38.89,39.26,38.34,210724,1045254288.0,2.33,-1.39,-0.55,0.77
2018-08-30,600309,39.07,39.47,40.4,38.89,274121,1388663408.0,3.88,1.49,0.58,1.0
2018-08-31,600309,39.15,38.46,39.15,38.06,193064,953558624.0,2.76,-2.56,-1.01,0.71
2018-09-03,600309,38.03,37.25,38.03,36.44,282581,1353984624.0,4.13,-3.15,-1.21,1.03
2018-09-04,600309,37.25,36.63,37.51,35.67,266572,1260115312.0,4.94,-1.66,-0.62,0.98
2018-09-05,600309,36.66,35.55,36.86,35.53,200496,941881712.0,3.63,-2.95,-1.08,0.73
2018-09-06,600309,35.54,34.11,35.81,33.87,296315,1346154384.0,5.46,-4.05,-1.44,1.08
2018-09-07,600309,34.46,34.62,35.39,33.98,239384,1089397136.0,4.13,1.5,0.51,0.88
2018-09-10,600309,34.24,32.82,34.39,32.69,226615,1003614064.0,4.91,-5.2,-1.8,0.83
2018-09-11,600309,32.56,30.44,33.11,29.26,555936,2316607136.0,11.73,-7.25,-2.38,2.03
2018-09-12,600309,30.45,30.61,31.21,29.57,258161,1068471184.0,5.39,0.56,0.17,0.94
2018-09-13,600309,31.24,31.16,31.74,30.35,220142,923917696.0,4.54,1.8,0.55,0.81
2018-09-14,600309,31.59,31.35,31.91,30.95,177479,751311584.0,3.08,0.61,0.19,0.65
2018-09-17,600309,31.16,29.04,31.16,28.55,334948,1348909328.0,8.33,-7.37,-2.31,1.23
2018-09-18,600309,28.16,30.77,31.15,28.11,348459,1414209808.0,10.47,5.96,1.73,1.27
2018-09-19,600309,30.61,31.02,31.57,30.17,279913,1170516464.0,4.55,0.81,0.25,1.02
2018-09-20,600309,30.93,31.56,32.28,30.79,276856,1180488672.0,4.8,1.74,0.54,1.01
2018-09-21,600309,31.77,32.82,33.26,30.91,267117,1148646144.0,7.45,3.99,1.26,0.98
2018-09-25,600309,32.16,32.25,32.68,31.96,151383,652893408.0,2.19,-1.74,-0.57,0.55
2018-09-26,600309,32.34,33.9,34.16,32.01,313413,1389348208.0,6.67,5.12,1.65,1.15
2018-09-28,600309,32.55,31.63,32.55,30.76,445878,1898946832.0,5.28,-6.7,-2.27,1.63
2018-10-08,600309,30.13,29.64,30.57,29.13,255760,1041917120.0,4.55,-6.29,-1.99,0.94
2018-10-09,600309,29.54,28.33,29.96,28.06,291966,1157836272.0,6.41,-4.42,-1.31,1.07
2018-10-10,600309,28.44,28.39,29.22,28.06,185925,732966144.0,4.09,0.21,0.06,0.68
2018-10-11,600309,26.68,26.06,27.88,25.67,383550,1435511680.0,7.78,-8.21,-2.33,1.4
2018-10-12,600309,26.36,26.86,27.31,25.84,272914,1022251856.0,5.64,3.07,0.8,1.0
2018-10-15,600309,27.17,26.73,27.73,26.66,189611,720986448.0,3.98,-0.48,-0.13,0.69
2018-10-16,600309,26.76,24.97,27.58,24.16,385826,1404892192.0,12.79,-6.58,-1.76,1.41
2018-10-17,600309,25.57,25.38,25.72,24.49,231205,832644288.0,4.93,1.64,0.41,0.85
2018-10-18,600309,25.15,24.75,25.47,24.56,200595,717672288.0,3.59,-2.48,-0.63,0.73
2018-10-19,600309,21.19,21.19,21.19,21.19,188673,604319616.0,0.0,-14.38,-3.56,0.69
2018-10-22,600309,21.16,21.63,22.86,20.27,961823,3121829200.0,12.22,2.08,0.44,3.52
2018-10-23,600309,21.16,18.44,21.17,18.38,926176,2797786256.0,12.9,-14.75,-3.19,3.39
2018-10-24,600309,18.48,18.72,19.49,18.47,446829,1333180736.0,5.53,1.52,0.28,1.63
2018-10-25,600309,17.64,18.16,18.34,17.12,495444,1410827504.0,6.52,-2.99,-0.56,1.81
2018-10-26,600309,18.46,18.16,18.73,18.07,269448,786591952.0,3.63,0.0,0.0,0.99
2018-10-29,600309,17.15,16.26,17.64,16.04,454588,1254300368.0,8.81,-10.46,-1.9,1.66
2018-10-30,600309,16.36,17.01,17.34,15.96,373857,1030099664.0,8.49,4.61,0.75,1.37
2018-10-31,600309,17.26,17.48,17.71,16.89,299491,846144336.0,4.82,2.76,0.47,1.1
2018-11-01,600309,17.72,18.11,18.84,17.53,419293,1216649296.0,7.49,3.6,0.63,1.53
2018-11-02,600309,18.83,21.01,21.01,18.83,648780,1991910736.0,12.04,16.01,2.9,2.37
2018-11-05,600309,20.67,19.99,20.81,19.34,526402,1631045744.0,7.0,-4.85,-1.02,1.93
2018-11-06,600309,20.01,19.56,20.01,19.07,254873,770065072.0,4.7,-2.15,-0.43,0.93
2018-11-07,600309,19.42,19.45,20.28,19.36,329096,1011330208.0,4.7,-0.56,-0.11,1.2
2018-11-08,600309,19.95,18.99,20.12,18.82,266142,804960880.0,6.68,-2.37,-0.46,0.97
2018-11-09,600309,18.85,18.39,18.85,18.23,206404,605422880.0,3.26,-3.16,-0.6,0.75
2018-11-12,600309,18.45,19.17,19.19,18.31,206326,612187872.0,4.79,4.24,0.78,0.75
2018-11-13,600309,18.73,19.12,19.54,18.49,276909,826864304.0,5.48,-0.26,-0.05,1.01
2018-11-14,600309,19.04,19.23,19.91,18.76,279080,843198176.0,6.01,0.58,0.11,1.02
2018-11-15,600309,19.24,19.45,19.5,19.06,208286,628367472.0,2.29,1.14,0.22,0.76
2018-11-16,600309,19.57,19.51,19.81,19.04,320841,971556288.0,3.96,0.31,0.06,1.17
2018-11-19,600309,19.51,20.26,20.34,19.48,301565,930597984.0,4.41,3.84,0.75,1.1
2018-11-20,600309,20.14,19.51,20.14,19.46,213000,651525328.0,3.36,-3.7,-0.75,0.78
2018-11-21,600309,19.01,19.11,19.25,18.77,180153,538045056.0,2.46,-2.05,-0.4,0.66
2018-11-22,600309,19.31,19.38,19.51,18.96,144979,435983040.0,2.88,1.41,0.27,0.53
2018-11-23,600309,19.26,17.79,19.26,17.79,277587,809506128.0,7.59,-8.2,-1.59,1.02
2018-11-26,600309,17.74,17.31,18.16,17.16,164871,467387008.0,5.62,-2.7,-0.48,0.6
2018-11-27,600309,17.56,17.16,17.84,16.95,158375,446786912.0,5.14,-0.87,-0.15,0.58
2018-11-28,600309,17.22,17.39,17.5,17.0,153170,431083936.0,2.91,1.34,0.23,0.56
2018-11-29,600309,17.44,17.55,18.31,17.44,256001,734239520.0,5.0,0.92,0.16,0.94
2018-11-30,600309,17.6,18.04,18.16,17.46,191459,550689360.0,3.99,2.79,0.49,0.7
2018-12-03,600309,19.15,19.78,20.68,18.64,451199,1374407136.0,11.31,9.65,1.74,1.65
2018-12-04,600309,19.71,22.1,22.13,19.56,637519,2033349120.0,12.99,11.73,2.32,2.33
2018-12-05,600309,21.31,21.95,23.03,21.27,601736,1979555872.0,7.96,-0.68,-0.15,2.2
2018-12-06,600309,21.36,20.48,21.84,20.37,438701,1393939584.0,6.7,-6.7,-1.47,1.6
2018-12-07,600309,20.83,20.36,20.91,20.04,205160,642534944.0,4.25,-0.59,-0.12,0.75
2018-12-10,600309,20.05,20.31,20.81,19.94,193368,602269200.0,4.27,-0.25,-0.05,0.71
2018-12-11,600309,20.41,20.33,20.58,19.96,151193,469502832.0,3.05,0.1,0.02,0.55
2018-12-12,600309,20.66,20.29,20.71,20.16,136650,426958016.0,2.71,-0.2,-0.04,0.5
2018-12-13,600309,20.41,21.26,21.81,20.23,368558,1178504368.0,7.79,4.78,0.97,1.35
2018-12-14,600309,21.26,20.26,21.54,20.22,247829,783256160.0,6.21,-4.7,-1.0,0.91
2018-12-17,600309,20.16,20.52,20.83,19.76,192638,600477024.0,5.28,1.28,0.26,0.7
2018-12-18,600309,20.38,20.69,20.91,20.17,168857,530644576.0,3.61,0.83,0.17,0.62
2018-12-19,600309,20.7,19.52,20.75,19.47,232589,713863568.0,6.19,-5.65,-1.17,0.85
2018-12-20,600309,19.46,19.18,19.74,19.04,159890,480779232.0,3.59,-1.74,-0.34,0.58
2018-12-21,600309,19.04,18.14,19.04,17.88,245790,713842816.0,6.05,-5.42,-1.04,0.9
2018-12-24,600309,18.15,18.55,18.87,18.02,142411,418046016.0,4.69,2.26,0.41,0.52
2018-12-25,600309,18.14,17.94,18.15,17.18,265117,754408704.0,5.23,-3.29,-0.61,0.97
2018-12-26,600309,17.91,17.49,18.23,17.48,137808,394064896.0,4.18,-2.51,-0.45,0.5
2018-12-27,600309,18.26,17.53,18.41,17.51,209628,603306736.0,5.15,0.23,0.04,0.77
2018-12-28,600309,17.74,17.15,17.76,16.54,183367,512279296.0,6.96,-2.17,-0.38,0.67
2019-01-02,600309,17.52,17.6,17.88,17.28,222881,633764288.0,3.5,2.62,0.45,0.82
2019-01-03,600309,17.6,16.71,17.7,16.68,201817,563171184.0,5.8,-5.06,-0.89,0.74
2019-01-04,600309,16.29,17.61,17.71,16.16,243696,682754528.0,9.28,5.39,0.9,0.89
2019-01-07,600309,17.95,17.91,18.1,17.49,192046,550366496.0,3.46,1.7,0.3,0.7
2019-01-08,600309,17.83,17.95,18.1,17.59,124324,357460512.0,2.85,0.22,0.04,0.45
2019-01-09,600309,18.12,19.92,20.55,18.12,548600,1675672944.0,13.54,10.97,1.97,2.01
2019-01-10,600309,19.94,19.71,20.28,19.55,261704,804363840.0,3.66,-1.05,-0.21,0.96
2019-01-11,600309,19.77,20.07,20.73,19.77,283886,882060848.0,4.87,1.83,0.36,1.04
2019-01-14,600309,20.12,20.29,20.49,19.49,214904,664522848.0,4.98,1.1,0.22,0.79
2019-01-15,600309,20.14,21.18,21.62,20.02,345510,1099795872.0,7.89,4.39,0.89,1.26
2019-01-16,600309,21.09,21.48,21.76,20.93,275244,886468016.0,3.92,1.42,0.3,1.01
2019-01-17,600309,21.57,20.93,21.67,20.92,206484,662223632.0,3.49,-2.56,-0.55,0.76
2019-01-18,600309,21.08,21.21,21.49,20.87,255395,819377680.0,2.96,1.34,0.28,0.93
2019-01-21,600309,21.42,22.35,22.46,21.31,366433,1207867904.0,5.42,5.37,1.14,1.34
2019-01-22,600309,22.21,21.64,22.25,21.56,222640,727872000.0,3.09,-3.18,-0.71,0.81
2019-01-23,600309,21.31,21.71,21.85,21.31,128090,415932160.0,2.5,0.32,0.07,0.47
2019-01-24,600309,21.61,20.66,21.79,19.96,347635,1096123216.0,8.43,-4.84,-1.05,1.27
2019-01-25,600309,20.66,21.49,21.97,20.66,277551,894872400.0,6.34,4.02,0.83,1.02
2019-01-28,600309,21.64,21.37,22.28,21.0,273167,890511504.0,5.96,-0.56,-0.12,1.0
2019-01-29,600309,21.3,21.91,22.01,21.12,225506,731588112.0,4.16,2.53,0.54,0.82
2019-01-30,600309,22.16,21.61,22.44,21.43,218610,716803216.0,4.61,-1.37,-0.3,0.8
2019-01-31,600309,21.84,21.86,22.12,21.58,204970,670891776.0,2.5,1.16,0.25,0.75
2019-02-01,600309,22.07,23.6,24.01,21.91,407615,1368333568.0,9.61,7.96,1.74,1.49
2019-02-11,600309,23.44,24.44,24.67,23.26,348500,1214126512.0,5.97,3.56,0.84,1.27
2019-02-12,600309,24.56,25.24,26.23,24.24,423335,1531323520.0,8.14,3.27,0.8,2.97
2019-02-13,600309,25.24,26.6,26.91,25.11,430520,1593792448.0,7.13,5.39,1.36,3.02
2019-02-14,600309,26.56,27.01,27.59,26.45,325435,1233607440.0,4.29,1.54,0.41,2.29
2019-02-15,600309,26.96,25.63,26.96,25.57,444281,1638743600.0,5.15,-5.11,-1.38,3.12
2019-02-18,600309,25.99,27.29,27.5,25.99,355677,1342383648.0,5.89,6.48,1.66,2.5
2019-02-19,600309,28.01,27.08,28.09,26.68,327731,1245342784.0,5.17,-0.77,-0.21,2.3
2019-02-20,600309,27.15,26.3,27.24,26.07,291633,1086964240.0,4.32,-2.88,-0.78,2.05
2019-02-21,600309,26.48,26.41,27.14,26.09,288244,1080244240.0,3.99,0.42,0.11,2.02
2019-02-22,600309,26.16,26.66,26.72,25.77,296661,1100153808.0,3.6,0.95,0.25,2.08
2019-02-25,600309,27.16,29.12,29.48,27.16,725027,2850116736.0,8.7,9.23,2.46,5.09
2019-02-26,600309,29.13,29.2,30.83,28.67,580108,2358312208.0,7.42,0.27,0.08,4.07
2019-02-27,600309,29.16,29.17,30.46,28.74,356751,1438713600.0,5.89,-0.1,-0.03,2.51
2019-02-28,600309,30.16,30.03,31.33,29.18,429144,1764310192.0,7.37,2.95,0.86,3.01
2019-03-01,600309,30.18,31.24,31.44,30.0,429966,1787001888.0,4.8,4.03,1.21,3.02
2019-03-04,600309,31.38,30.71,32.25,30.28,554814,2336772464.0,6.31,-1.7,-0.53,3.9
2019-03-05,600309,30.69,30.19,30.69,29.66,399220,1630543072.0,3.35,-1.69,-0.52,2.8
2019-03-06,600309,30.04,30.34,30.63,29.76,345286,1416130128.0,2.88,0.5,0.15,2.43
2019-03-07,600309,30.07,28.74,30.07,28.26,565643,2260421600.0,5.97,-5.27,-1.6,3.97
2019-03-08,600309,27.82,26.65,27.83,26.65,547829,2088291984.0,4.11,-7.27,-2.09,3.85
2019-03-11,600309,26.71,28.23,28.26,26.71,418461,1613679504.0,5.82,5.93,1.58,2.94
2019-03-12,600309,28.81,27.93,28.91,27.24,360420,1409686016.0,5.92,-1.06,-0.3,2.53
2019-03-13,600309,27.94,27.3,28.09,27.07,257286,982701376.0,3.65,-2.26,-0.63,1.81
2019-03-14,600309,27.37,27.74,28.04,27.08,296629,1140226240.0,3.52,1.61,0.44,2.08
2019-03-15,600309,27.85,30.19,30.34,27.84,770041,3117486000.0,9.01,8.83,2.45,5.41
2019-03-18,600309,30.26,31.16,31.64,29.96,654092,2731200304.0,5.56,3.21,0.97,4.59
2019-03-19,600309,31.17,31.16,32.06,30.96,367309,1548660736.0,3.53,0.0,0.0,2.58
2019-03-20,600309,31.07,30.43,31.53,29.93,340456,1410807312.0,5.13,-2.34,-0.73,2.39
2019-03-21,600309,30.81,30.21,30.92,30.03,249552,1028093744.0,2.92,-0.72,-0.22,1.75
2019-03-22,600309,30.29,30.72,31.01,30.28,225398,934342272.0,2.42,1.69,0.51,1.58
2019-03-25,600309,29.99,29.59,30.56,29.56,236765,964860736.0,3.26,-3.68,-1.13,1.66
2019-03-26,600309,29.88,30.19,31.56,29.66,428981,1772439504.0,6.42,2.03,0.6,3.01
2019-03-27,600309,30.69,33.93,34.14,30.46,786692,3394634528.0,12.19,12.39,3.74,5.53
2019-03-28,600309,33.16,32.86,33.64,32.16,536219,2348442336.0,4.36,-3.15,-1.07,3.77
2019-03-29,600309,32.94,34.69,35.06,32.78,553056,2497157280.0,6.94,5.57,1.83,3.88
2019-04-01,600309,35.82,36.15,38.04,35.82,612829,2918445920.0,6.4,4.21,1.46,4.3
2019-04-02,600309,36.65,36.71,37.66,36.16,513680,2444749872.0,4.15,1.55,0.56,3.61
2019-04-03,600309,36.14,35.99,36.64,35.41,400327,1870996736.0,3.35,-1.96,-0.72,2.81
2019-04-04,600309,36.66,36.59,37.96,36.02,506508,2413739104.0,5.39,1.67,0.6,3.56
2019-04-08,600309,40.27,39.46,41.32,38.67,1138460,5795431680.0,7.24,7.84,2.87,8.0
2019-04-09,600309,38.47,39.45,40.4,37.49,586540,2897395024.0,7.37,-0.03,-0.01,4.12
2019-04-10,600309,38.75,38.26,39.42,37.96,377103,1860789872.0,3.7,-3.02,-1.19,2.65
2019-04-11,600309,38.26,35.89,38.66,35.81,516752,2457685600.0,7.45,-6.19,-2.37,3.63
2019-04-12,600309,35.16,35.52,36.66,35.02,351803,1633542864.0,4.57,-1.03,-0.37,2.47
2019-04-15,600309,36.36,35.38,37.34,35.34,358937,1696498528.0,5.63,-0.39,-0.14,2.52
2019-04-16,600309,35.11,36.87,36.99,34.69,328924,1541477088.0,6.5,4.21,1.49,2.31
2019-04-17,600309,37.0,36.64,37.44,36.27,277641,1325147712.0,3.17,-0.62,-0.23,1.95
2019-04-18,600309,36.42,36.04,36.64,36.03,163108,768429120.0,1.66,-1.64,-0.6,1.15
2019-04-19,600309,35.96,36.48,36.81,35.61,181585,853665952.0,3.33,1.22,0.44,1.28
2019-04-22,600309,36.88,35.91,37.68,35.65,310809,1474596624.0,5.56,-1.56,-0.57,2.18
2019-04-23,600309,36.16,36.96,37.34,35.71,350179,1670082704.0,4.54,2.92,1.05,2.46
2019-04-24,600309,37.44,35.98,37.46,35.34,280837,1316735776.0,5.74,-2.65,-0.98,1.97
2019-04-25,600309,35.86,34.69,36.31,34.69,264920,1222633728.0,4.5,-3.59,-1.29,1.86
2019-04-26,600309,34.54,33.15,34.89,33.06,398976,1768935872.0,5.28,-4.44,-1.54,2.8
2019-04-29,600309,33.06,34.46,35.31,33.02,389791,1768773424.0,6.91,3.95,1.31,2.74
2019-04-30,600309,34.17,34.39,35.45,34.07,204032,927105504.0,4.0,-0.2,-0.07,1.43
2019-05-06,600309,32.16,31.66,32.16,29.91,531063,2234223568.0,6.54,-7.94,-2.73,3.73
2019-05-07,600309,31.78,32.15,33.02,31.41,305718,1317318928.0,5.09,1.55,0.49,2.15
2019-05-08,600309,31.16,31.77,32.53,30.46,213707,912883904.0,6.44,-1.18,-0.38,1.5
2019-05-09,600309,31.04,29.5,31.04,29.21,425197,1735420496.0,5.76,-7.15,-2.27,2.99
2019-05-10,600309,30.36,31.26,31.41,28.47,436513,1808540480.0,9.97,5.97,1.76,3.07
2019-05-13,600309,30.34,29.23,30.6,29.07,349564,1415890112.0,4.89,-6.49,-2.03,2.46
2019-05-14,600309,28.86,29.35,29.92,28.7,240928,971505232.0,4.17,0.41,0.12,1.69
2019-05-15,600309,29.95,30.18,30.51,29.54,263294,1077005504.0,3.3,2.83,0.83,1.85
2019-05-16,600309,29.68,30.16,30.18,29.56,220650,898235200.0,2.05,-0.07,-0.02,1.55
2019-05-17,600309,30.36,28.98,30.36,28.76,279771,1122297984.0,5.31,-3.91,-1.18,1.97
2019-05-20,600309,28.76,27.78,28.81,27.16,341729,1314076208.0,5.69,-4.14,-1.2,2.4
2019-05-21,600309,28.27,29.88,30.16,28.14,368083,1482616544.0,7.27,7.56,2.1,2.59
2019-05-22,600309,29.33,30.05,30.32,29.33,209573,855982880.0,3.31,0.57,0.17,1.47
2019-05-23,600309,29.8,29.27,29.91,28.96,180286,723706320.0,3.16,-2.6,-0.78,1.27
2019-05-24,600309,29.23,29.3,29.72,28.86,183549,735087248.0,2.94,0.1,0.03,1.29
2019-05-27,600309,29.16,29.71,29.96,28.14,245844,931030592.0,6.21,1.4,0.41,1.73
2019-05-28,600309,29.68,30.06,30.54,29.36,221143,863524464.0,3.97,1.18,0.35,1.55
2019-05-29,600309,29.99,30.58,31.04,29.71,178823,705354752.0,4.42,1.73,0.52,1.26
2019-05-30,600309,29.16,29.68,29.84,28.93,307889,1175602944.0,2.98,-2.94,-0.9,2.16
2019-05-31,600309,29.81,29.2,29.91,28.96,166951,638332352.0,3.2,-1.62,-0.48,1.17
2019-06-03,600309,29.04,29.45,29.9,29.02,170636,655330880.0,3.01,0.86,0.25,1.2
2019-06-04,600309,29.51,29.39,29.63,28.62,136832,519298256.0,3.43,-0.2,-0.06,0.96
2019-06-05,600309,29.73,29.17,29.97,29.17,107345,411539536.0,2.72,-0.75,-0.22,0.75
2019-06-06,600309,29.28,28.97,29.46,28.86,119591,454319936.0,2.06,-0.69,-0.2,0.84
2019-06-10,600309,28.97,29.42,29.62,28.84,105294,401932480.0,2.69,1.55,0.45,0.74
2019-06-11,600309,29.43,31.26,31.36,29.3,301469,1193760144.0,7.0,6.25,1.84,2.12
2019-06-12,600309,30.97,30.94,31.55,30.6,144962,577880752.0,3.04,-1.02,-0.32,1.02
2019-06-13,600309,30.96,30.74,31.05,30.34,105226,415620384.0,2.29,-0.65,-0.2,0.74
2019-06-14,600309,30.72,30.0,30.95,29.92,146379,572873280.0,3.35,-2.41,-0.74,1.03
2019-06-17,600309,30.01,29.82,30.21,29.54,88569,342755472.0,2.23,-0.6,-0.18,0.62
2019-06-18,600309,29.93,30.06,30.13,29.67,82494,320473664.0,1.54,0.8,0.24,0.58
2019-06-19,600309,31.44,31.06,31.93,30.71,291109,1167694224.0,4.06,3.33,1.0,2.04
2019-06-20,600309,31.02,32.7,32.92,30.93,293142,1204868112.0,6.41,5.28,1.64,2.06
2019-06-21,600309,32.72,33.14,33.56,32.72,195106,818985504.0,2.57,1.35,0.44,1.37
2019-06-24,600309,33.16,34.12,34.37,33.05,198999,853232240.0,3.98,2.96,0.98,1.4
2019-06-25,600309,33.81,34.25,34.56,33.07,201075,856918144.0,4.37,0.38,0.13,1.41
2019-06-26,600309,33.84,33.61,34.18,33.37,140910,601162032.0,2.36,-1.87,-0.64,0.99
2019-06-27,600309,33.96,34.08,34.64,33.74,155724,670905232.0,2.68,1.4,0.47,1.09
2019-06-28,600309,34.21,33.95,34.79,33.79,153609,661701680.0,2.93,-0.38,-0.13,1.08
2019-07-01,600309,34.96,35.06,35.69,34.76,250584,1103566016.0,2.74,3.27,1.11,1.76
2019-07-02,600309,34.94,34.68,35.16,34.34,146298,636806896.0,2.34,-1.08,-0.38,1.03
2019-07-03,600309,34.55,33.96,34.91,33.86,166878,721071520.0,3.03,-2.08,-0.72,1.17
2019-07-04,600309,34.11,34.02,34.59,33.76,107270,459870720.0,2.44,0.18,0.06,0.75
2019-07-05,600309,34.22,34.64,34.86,33.84,135936,589678240.0,3.0,1.82,0.62,0.95
2019-07-08,600309,34.36,33.03,34.42,32.85,228250,962256992.0,4.53,-4.65,-1.61,1.6
2019-07-09,600309,33.07,32.89,33.31,32.28,147240,612121376.0,3.12,-0.42,-0.14,1.03
2019-07-10,600309,33.03,32.6,33.31,32.31,90177,374625568.0,3.04,-0.88,-0.29,0.63
2019-07-11,600309,32.94,32.85,33.52,32.69,109224,457679728.0,2.55,0.77,0.25,0.77
2019-07-12,600309,32.99,33.26,33.47,32.68,105482,443879248.0,2.4,1.25,0.41,0.74
2019-07-15,600309,33.26,32.71,33.37,32.16,115833,481421248.0,3.64,-1.65,-0.55,0.81
2019-07-16,600309,32.76,32.61,33.15,32.46,75331,312652544.0,2.11,-0.31,-0.1,0.53
2019-07-17,600309,32.7,32.96,33.34,32.62,103544,434150384.0,2.21,1.07,0.35,0.73
2019-07-18,600309,32.64,31.97,32.64,31.76,139144,569751952.0,2.67,-3.0,-0.99,0.98
2019-07-19,600309,31.92,31.68,32.49,31.67,110472,451749968.0,2.56,-0.91,-0.29,0.78
2019-07-22,600309,31.68,31.44,31.91,30.87,104411,421675072.0,3.28,-0.76,-0.24,0.73
2019-07-23,600309,31.81,32.34,32.46,31.37,114639,469955824.0,3.47,2.86,0.9,0.81
2019-07-24,600309,32.83,33.8,34.15,32.83,201310,855427616.0,4.08,4.51,1.46,1.41
2019-07-25,600309,33.82,33.85,34.06,33.54,107149,457503856.0,1.54,0.15,0.05,0.75
2019-07-26,600309,33.94,34.57,34.64,33.86,176584,763333216.0,2.3,2.13,0.72,1.24
2019-07-29,600309,34.85,35.54,35.74,34.85,198339,877116032.0,2.57,2.81,0.97,1.39
2019-07-30,600309,35.63,35.14,35.72,35.05,126075,556975360.0,1.89,-1.13,-0.4,0.89
2019-07-31,600309,35.46,35.14,36.52,34.95,187447,833496928.0,4.47,0.0,0.0,1.32
2019-08-01,600309,35.09,35.07,35.54,34.84,109075,480292000.0,1.99,-0.2,-0.07,0.77
2019-08-02,600309,34.03,34.66,35.39,33.86,158922,691380448.0,4.36,-1.17,-0.41,1.12
2019-08-05,600309,34.55,32.98,35.0,32.88,169653,721373952.0,6.12,-4.85,-1.68,1.19
2019-08-06,600309,32.21,33.01,33.37,32.04,205285,850393504.0,4.03,0.09,0.03,1.44
2019-08-07,600309,33.17,32.95,33.56,32.77,105491,443045728.0,2.39,-0.18,-0.06,0.74
2019-08-08,600309,33.89,34.96,34.99,33.24,229528,990745792.0,5.31,6.1,2.01,1.61
2019-08-09,600309,35.22,34.1,35.54,33.98,146261,636193472.0,4.46,-2.46,-0.86,1.03
2019-08-12,600309,33.95,34.84,34.84,33.88,120048,518932064.0,2.82,2.17,0.74,0.84
2019-08-13,600309,34.32,33.64,34.51,33.06,156408,664425072.0,4.16,-3.44,-1.2,1.1
2019-08-14,600309,34.22,34.04,34.65,33.93,102024,439098496.0,2.14,1.19,0.4,0.72
2019-08-15,600309,33.14,34.05,34.06,32.88,109083,462776288.0,3.47,0.03,0.01,0.77
2019-08-16,600309,33.86,33.76,34.58,33.71,130222,559705760.0,2.56,-0.85,-0.29,0.91
2019-08-19,600309,33.96,34.66,34.88,33.17,186498,800190816.0,5.07,2.67,0.9,1.31
2019-08-20,600309,34.62,35.05,35.3,34.3,171911,752855216.0,2.89,1.13,0.39,1.21
2019-08-21,600309,33.99,34.67,34.78,33.96,188161,813560736.0,2.34,-1.08,-0.38,1.32
2019-08-22,600309,34.93,34.49,35.21,34.32,126291,549728592.0,2.57,-0.52,-0.18,0.89
2019-08-23,600309,34.49,34.07,34.65,33.85,118774,511449184.0,2.32,-1.22,-0.42,0.83
2019-08-26,600309,33.61,33.62,33.94,33.05,150974,640740336.0,2.61,-1.32,-0.45,1.06
2019-08-27,600309,34.08,35.36,35.36,34.0,304015,1325290816.0,4.05,5.18,1.74,2.14
2019-08-28,600309,34.96,34.84,35.35,34.54,155863,681040864.0,2.29,-1.47,-0.52,1.09
2019-08-29,600309,35.11,36.36,36.51,34.91,330137,1483110288.0,4.59,4.36,1.52,2.32
2019-08-30,600309,36.69,35.87,36.95,35.77,181586,817760656.0,3.25,-1.35,-0.49,1.28
2019-09-02,600309,35.84,36.06,36.29,35.66,170834,767332592.0,1.76,0.53,0.19,1.2
2019-09-03,600309,36.11,35.86,36.42,35.35,127714,568950832.0,2.97,-0.55,-0.2,0.9
2019-09-04,600309,35.58,36.74,36.81,35.47,200250,903680656.0,3.74,2.45,0.88,1.41
2019-09-05,600309,37.03,38.13,38.65,36.96,315405,1479352976.0,4.6,3.78,1.39,2.22
2019-09-06,600309,38.13,37.86,38.59,37.61,136406,638567168.0,2.57,-0.71,-0.27,0.96
2019-09-09,600309,38.56,38.36,38.95,37.96,174001,823243072.0,2.61,1.32,0.5,1.22
2019-09-10,600309,38.46,38.36,38.75,37.53,136773,641756544.0,3.18,0.0,0.0,0.96
2019-09-11,600309,38.35,37.66,38.83,37.46,137501,643096240.0,3.57,-1.82,-0.7,0.97
2019-09-12,600309,37.81,38.05,38.37,37.24,126286,590106368.0,3.0,1.04,0.39,0.89
2019-09-16,600309,38.38,38.43,39.44,38.34,139527,665020352.0,2.89,1.0,0.38,0.98
2019-09-17,600309,38.43,37.65,38.65,37.27,125373,586784800.0,3.59,-2.03,-0.78,0.88
2019-09-18,600309,37.82,37.36,38.15,37.17,97366,450711920.0,2.6,-0.77,-0.29,0.68
2019-09-19,600309,37.73,37.12,37.73,36.76,111193,510283424.0,2.6,-0.64,-0.24,0.78
2019-09-20,600309,37.02,36.33,37.37,36.33,221863,1010914688.0,2.8,-2.13,-0.79,1.56
2019-09-23,600309,36.41,36.11,36.82,35.45,155659,698943056.0,3.77,-0.61,-0.22,1.09
2019-09-24,600309,36.21,35.87,36.51,35.75,118147,530165408.0,2.1,-0.66,-0.24,0.83
2019-09-25,600309,35.76,35.84,36.16,35.11,141429,629554640.0,2.93,-0.08,-0.03,0.99
2019-09-26,600309,36.56,35.39,36.62,35.08,158177,706589728.0,4.3,-1.26,-0.45,1.11
2019-09-27,600309,35.46,35.33,35.62,35.14,92266,408294976.0,1.36,-0.17,-0.06,0.65
2019-09-30,600309,35.36,35.31,35.51,34.91,81711,360700160.0,1.7,-0.06,-0.02,0.57
2019-10-08,600309,35.45,35.61,36.21,34.93,103148,460052592.0,3.63,0.85,0.3,0.72
2019-10-09,600309,35.23,34.75,35.28,34.17,123073,534944880.0,3.12,-2.42,-0.86,0.86
2019-10-10,600309,34.74,35.4,35.71,34.5,125422,551273376.0,3.48,1.87,0.65,0.88
2019-10-11,600309,35.61,35.94,36.15,35.24,103541,462770496.0,2.57,1.53,0.54,0.73
2019-10-14,600309,36.32,36.28,36.78,36.14,111652,505994912.0,1.78,0.95,0.34,0.78
2019-10-15,600309,36.17,35.1,36.17,34.96,120279,531177664.0,3.34,-3.25,-1.18,0.84
2019-10-16,600309,35.17,35.23,35.56,34.82,82578,363233296.0,2.11,0.37,0.13,0.58
2019-10-17,600309,35.21,34.61,35.29,34.5,76734,334737728.0,2.24,-1.76,-0.62,0.54
2019-10-18,600309,34.84,34.41,34.99,34.36,62996,273940752.0,1.82,-0.58,-0.2,0.44
2019-10-21,600309,34.49,34.86,35.1,34.3,85134,371286832.0,2.32,1.31,0.45,0.6
2019-10-22,600309,34.71,34.95,35.3,34.62,53949,236095597.0,1.95,0.26,0.09,0.38
2019-10-23,600309,34.81,35.06,35.24,34.74,50280,220698660.0,1.43,0.31,0.11,0.35
2019-10-24,600309,35.08,34.28,35.1,34.27,71803,311320992.0,2.37,-2.22,-0.78,0.5
2019-10-25,600309,33.65,35.87,35.96,33.31,229499,1013722896.0,7.73,4.64,1.59,1.61
2019-10-28,600309,35.84,35.98,36.11,35.26,104866,466518880.0,2.37,0.31,0.11,0.74
2019-10-29,600309,35.84,36.04,36.65,35.4,118024,530276832.0,3.47,0.17,0.06,0.83
2019-10-30,600309,36.02,36.24,36.54,35.77,109600,493497216.0,2.14,0.55,0.2,0.77
2019-10-31,600309,36.36,36.77,37.04,35.99,117921,535650704.0,2.9,1.46,0.53,0.83
2019-11-01,600309,36.66,36.93,37.31,36.41,119184,544830752.0,2.45,0.44,0.16,0.84
2019-11-04,600309,37.23,37.65,38.22,37.04,191390,892712432.0,3.2,1.95,0.72,1.34
2019-11-05,600309,38.0,37.88,38.15,37.39,153398,716168032.0,2.02,0.61,0.23,1.08
2019-11-06,600309,37.86,37.87,38.43,37.56,128468,601783600.0,2.3,-0.03,-0.01,0.9
2019-11-07,600309,37.87,37.61,38.07,37.35,94207,437563744.0,1.9,-0.69,-0.26,0.66
2019-11-08,600309,38.14,37.62,38.51,37.57,110666,519752736.0,2.5,0.03,0.01,0.78
2019-11-11,600309,37.56,37.05,38.03,36.88,98753,456423824.0,3.06,-1.52,-0.57,0.69
2019-11-12,600309,37.04,37.12,37.54,36.88,66285,305100560.0,1.78,0.19,0.07,0.47
2019-11-13,600309,37.33,37.74,38.14,37.07,96333,448178368.0,2.88,1.67,0.62,0.68
2019-11-14,600309,37.91,38.03,38.39,37.79,79916,375283760.0,1.59,0.77,0.29,0.56
2019-11-15,600309,38.19,36.81,38.26,36.73,103801,478280608.0,4.02,-3.21,-1.22,0.73
2019-11-18,600309,36.81,36.86,37.32,36.58,78997,361548208.0,2.01,0.14,0.05,0.55
2019-11-19,600309,36.9,37.29,37.37,36.9,77139,354960288.0,1.28,1.17,0.43,0.54
2019-11-20,600309,37.41,37.16,37.6,37.06,57720,266414942.0,1.45,-0.35,-0.13,0.41
2019-11-21,600309,36.97,37.52,37.65,36.82,85414,395007264.0,2.23,0.97,0.36,0.6
2019-11-22,600309,37.44,38.03,39.12,37.34,171548,809371584.0,4.74,1.36,0.51,1.2
2019-11-25,600309,37.96,40.06,40.31,37.96,350420,1699085104.0,6.18,5.34,2.03,2.46
2019-11-26,600309,40.11,40.4,40.92,39.49,210493,1035505728.0,3.57,0.85,0.34,1.48
2019-11-27,600309,40.26,39.96,40.58,39.69,115298,564104288.0,2.2,-1.09,-0.44,0.81
2019-11-28,600309,39.86,40.56,41.02,39.85,148817,736098016.0,2.93,1.5,0.6,1.05
2019-11-29,600309,40.7,39.57,40.84,38.77,191459,922753536.0,5.1,-2.44,-0.99,1.34
2019-12-02,600309,39.82,40.45,40.71,39.8,138472,681211440.0,2.3,2.22,0.88,0.97
2019-12-03,600309,40.45,40.16,40.53,39.36,87485,426362224.0,2.89,-0.72,-0.29,0.61
2019-12-04,600309,39.96,39.92,40.24,39.53,76888,374562880.0,1.77,-0.6,-0.24,0.54
2019-12-05,600309,40.22,41.02,41.31,39.87,146512,727396672.0,3.61,2.76,1.1,1.03
2019-12-06,600309,41.05,41.35,41.81,41.05,105856,532085584.0,1.85,0.8,0.33,0.74
2019-12-09,600309,41.62,41.86,41.96,41.14,99898,505068336.0,1.98,1.23,0.51,0.7
2019-12-10,600309,41.87,43.02,43.15,41.69,149244,768288592.0,3.49,2.77,1.16,1.05
2019-12-11,600309,43.16,42.36,43.21,42.05,81655,419163072.0,2.7,-1.53,-0.66,0.57
2019-12-12,600309,42.16,43.31,43.58,42.16,115366,600702928.0,3.35,2.24,0.95,0.81
2019-12-13,600309,43.56,43.11,44.45,43.03,165388,872599616.0,3.28,-0.46,-0.2,1.16
2019-12-16,600309,43.56,44.61,44.91,42.92,187059,993463392.0,4.62,3.48,1.5,1.31
2019-12-17,600309,44.59,44.46,44.81,43.91,115358,613091088.0,2.02,-0.34,-0.15,0.81
2019-12-18,600309,44.35,43.67,44.41,43.42,119078,627234640.0,2.23,-1.78,-0.79,0.84
2019-12-19,600309,43.71,43.46,43.98,43.16,78197,409721248.0,1.88,-0.48,-0.21,0.55
2019-12-20,600309,43.52,44.25,44.38,43.46,89936,475314848.0,2.12,1.82,0.79,0.63
2019-12-23,600309,44.46,44.16,45.03,43.72,114600,611165072.0,2.96,-0.2,-0.09,0.8
2019-12-24,600309,44.16,44.31,44.66,43.73,53814,285126832.0,2.11,0.34,0.15,0.38
2019-12-25,600309,44.14,45.12,45.16,43.87,86301,463353888.0,2.91,1.83,0.81,0.61
2019-12-26,600309,43.86,43.51,44.32,42.17,235740,1233161952.0,4.77,-3.57,-1.61,1.66
2019-12-27,600309,43.31,45.56,46.01,43.26,209546,1129873568.0,6.32,4.71,2.05,1.47
2019-12-30,600309,45.75,47.21,47.71,45.68,189875,1060949088.0,4.46,3.62,1.65,1.33
2019-12-31,600309,47.16,47.33,48.35,46.84,142068,799017264.0,3.2,0.25,0.12,1.0
2020-01-02,600309,47.66,47.05,48.76,46.85,213380,1203715728.0,4.04,-0.59,-0.28,1.5
2020-01-03,600309,47.06,48.1,48.92,47.06,177849,1015667488.0,3.95,2.23,1.05,1.25
2020-01-06,600309,47.86,46.36,48.51,44.81,274945,1527480176.0,7.69,-3.62,-1.74,1.93
2020-01-07,600309,46.36,45.94,47.15,45.75,200630,1105506848.0,3.02,-0.91,-0.42,1.41
2020-01-08,600309,45.98,45.41,46.15,44.96,167529,910461280.0,2.59,-1.15,-0.53,1.18
2020-01-09,600309,45.83,46.52,46.72,45.16,127670,702827104.0,3.44,2.44,1.11,0.9
2020-01-10,600309,46.52,45.52,46.63,44.69,187825,1016849760.0,4.17,-2.15,-1.0,1.32
2020-01-13,600309,45.65,45.56,45.76,44.51,144255,778521008.0,2.75,0.09,0.04,1.01
2020-01-14,600309,45.71,46.23,47.02,45.71,183043,1013027632.0,2.88,1.47,0.67,1.29
2020-01-15,600309,46.16,45.12,46.19,44.73,126228,682182528.0,3.16,-2.4,-1.11,0.89
2020-01-16,600309,45.5,45.27,46.29,45.06,97109,528028016.0,2.73,0.33,0.15,0.68
2020-01-17,600309,45.42,45.08,45.56,44.82,76583,412892080.0,1.63,-0.42,-0.19,0.54
2020-01-20,600309,45.27,45.69,46.06,45.04,112633,613371712.0,2.26,1.35,0.61,0.79
2020-01-21,600309,45.87,44.94,45.94,44.05,155823,834594608.0,4.14,-1.64,-0.75,1.09
2020-01-22,600309,44.56,45.08,45.33,44.18,112028,602444080.0,2.56,0.31,0.14,0.79
2020-01-23,600309,44.96,43.07,44.96,42.08,240974,1251921552.0,6.39,-4.46,-2.01,1.69
2020-02-03,600309,37.88,39.65,39.96,37.88,334514,1602993984.0,4.83,-7.94,-3.42,2.35
2020-02-04,600309,39.96,40.63,41.46,39.91,309380,1526612544.0,3.91,2.47,0.98,2.17
2020-02-05,600309,40.46,40.67,41.66,40.1,304609,1513464160.0,3.84,0.1,0.04,2.14
2020-02-06,600309,40.69,40.89,41.13,40.16,224178,1108531264.0,2.39,0.54,0.22,1.57
2020-02-07,600309,40.64,40.01,40.64,39.44,221106,1078758848.0,2.93,-2.15,-0.88,1.55
2020-02-10,600309,39.97,41.46,41.48,39.34,284831,1402658672.0,5.35,3.62,1.45,2.0
2020-02-11,600309,41.56,41.16,42.01,40.86,175447,880127744.0,2.77,-0.72,-0.3,1.23
2020-02-12,600309,41.18,41.6,42.59,40.96,216299,1096924048.0,3.96,1.07,0.44,1.52
2020-02-13,600309,41.85,41.38,42.51,41.31,158585,804326128.0,2.88,-0.53,-0.22,1.11
2020-02-14,600309,41.13,41.12,41.74,40.7,121215,604508352.0,2.51,-0.63,-0.26,0.85
2020-02-17,600309,40.97,42.65,42.66,40.91,174413,889158304.0,4.26,3.72,1.53,1.23
2020-02-18,600309,42.76,41.94,42.83,41.56,148929,756828816.0,2.98,-1.66,-0.71,1.05
2020-02-19,600309,41.86,42.36,43.11,41.32,194586,997606624.0,4.27,1.0,0.42,1.37
2020-02-20,600309,42.18,42.78,42.95,42.11,187390,961239872.0,1.98,0.99,0.42,1.32
2020-02-21,600309,42.76,42.57,43.64,42.36,213120,1102241216.0,2.99,-0.49,-0.21,1.5
2020-02-24,600309,42.16,41.15,42.19,40.94,270795,1356815392.0,2.94,-3.34,-1.42,1.9
2020-02-25,600309,40.16,39.93,40.55,39.16,281897,1371344192.0,3.38,-2.96,-1.22,1.98
2020-02-26,600309,39.02,39.62,40.06,38.72,207957,1003870496.0,3.36,-0.78,-0.31,1.46
2020-02-27,600309,39.79,41.02,41.3,39.66,225607,1117951856.0,4.14,3.53,1.4,1.58
2020-02-28,600309,40.2,38.2,40.2,38.16,265275,1270387984.0,4.97,-6.87,-2.82,1.86
2020-03-02,600309,38.24,41.32,41.81,38.24,292357,1452574624.0,9.35,8.17,3.12,2.05
2020-03-03,600309,42.07,40.48,42.36,40.21,241275,1203537104.0,5.2,-2.03,-0.84,1.69
2020-03-04,600309,40.71,41.06,41.65,40.48,149875,747308928.0,2.89,1.43,0.58,1.05
2020-03-05,600309,41.31,43.36,44.14,41.3,394936,2050353056.0,6.92,5.6,2.3,2.77
2020-03-06,600309,42.89,42.76,44.2,42.66,178618,927678992.0,3.55,-1.38,-0.6,1.25
2020-03-09,600309,41.16,39.68,41.16,39.56,413347,2017187072.0,3.74,-7.2,-3.08,2.9
2020-03-10,600309,38.87,40.72,40.91,38.86,199226,974106384.0,5.17,2.62,1.04,1.4
2020-03-11,600309,40.75,39.73,40.77,39.66,138360,677176192.0,2.73,-2.43,-0.99,0.97
2020-03-12,600309,39.06,37.63,39.06,36.83,345961,1612544576.0,5.61,-5.29,-2.1,2.43
2020-03-13,600309,35.16,36.12,36.59,34.41,345161,1539395408.0,5.79,-4.01,-1.51,2.42
2020-03-16,600309,36.36,33.59,36.55,33.04,316938,1375066512.0,9.72,-7.0,-2.53,2.23
2020-03-17,600309,33.52,32.61,34.57,31.34,291381,1210679200.0,9.62,-2.92,-0.98,2.05
2020-03-18,600309,33.46,32.85,34.51,32.5,293329,1245292848.0,6.16,0.74,0.24,2.06
2020-03-19,600309,32.74,31.54,33.44,30.62,441183,1779700256.0,8.58,-3.99,-1.31,3.1
2020-03-20,600309,31.97,31.73,32.89,31.31,330074,1351879792.0,5.01,0.6,0.19,2.32
2020-03-23,600309,30.04,29.61,30.51,28.76,365657,1409991888.0,5.52,-6.68,-2.12,2.57
2020-03-24,600309,30.55,30.36,30.71,29.34,229555,895744416.0,4.63,2.53,0.75,1.61
2020-03-25,600309,31.67,32.45,32.71,31.51,262502,1076300672.0,3.95,6.88,2.09,1.84
2020-03-26,600309,32.06,32.28,33.07,31.68,146031,602458448.0,4.28,-0.52,-0.17,1.03
2020-03-27,600309,33.06,32.44,33.14,31.99,139577,577476128.0,3.56,0.5,0.16,0.98
2020-03-30,600309,31.61,31.16,31.63,30.97,158445,635405952.0,2.03,-3.95,-1.28,1.11
2020-03-31,600309,32.06,32.41,33.16,31.46,184378,759023680.0,5.46,4.01,1.25,1.3
2020-04-01,600309,32.66,32.55,33.31,32.22,155270,646346656.0,3.36,0.43,0.14,1.09
2020-04-02,600309,32.07,33.36,33.36,31.96,179259,746090080.0,4.3,2.49,0.81,1.26
2020-04-03,600309,33.36,34.08,35.29,33.26,234537,1017387520.0,6.09,2.16,0.72,1.65
2020-04-07,600309,34.96,34.76,35.21,34.45,157448,687373920.0,2.23,2.0,0.68,1.11
2020-04-08,600309,34.54,34.55,34.93,34.08,117230,507296080.0,2.45,-0.6,-0.21,0.82
2020-04-09,600309,34.53,34.34,34.91,34.16,71454,309408336.0,2.17,-0.61,-0.21,0.5
2020-04-10,600309,34.36,34.06,34.7,33.58,114911,494995328.0,3.26,-0.82,-0.28,0.81
2020-04-13,600309,33.76,33.49,34.31,33.3,96396,408947872.0,2.97,-1.67,-0.57,0.68
2020-04-14,600309,34.12,35.14,35.17,33.81,154978,676714304.0,4.06,4.93,1.65,1.09
2020-04-15,600309,35.56,34.26,35.56,34.17,127256,554333440.0,3.96,-2.5,-0.88,0.89
2020-04-16,600309,34.09,33.36,34.14,33.24,164744,696803744.0,2.63,-2.63,-0.9,1.16
2020-04-17,600309,33.81,35.28,35.52,33.81,247055,1083009184.0,5.13,5.76,1.92,1.74
2020-04-20,600309,35.06,35.33,35.71,34.79,105744,466598336.0,2.61,0.14,0.05,0.74
2020-04-21,600309,34.96,34.11,34.96,33.67,179154,770488880.0,3.65,-3.45,-1.22,1.26
2020-04-22,600309,33.56,34.01,34.01,33.23,141349,599949968.0,2.29,-0.29,-0.1,0.99
2020-04-23,600309,34.11,34.07,34.58,33.72,115266,495227216.0,2.53,0.18,0.06,0.81
2020-04-24,600309,33.84,33.91,34.38,33.78,85484,367112096.0,1.76,-0.47,-0.16,0.6
2020-04-27,600309,33.73,33.21,33.73,32.46,179949,751951104.0,3.75,-2.06,-0.7,1.26
2020-04-28,600309,33.41,33.66,33.78,32.72,128243,541277984.0,3.19,1.36,0.45,0.9
2020-04-29,600309,33.66,34.55,34.76,33.32,136766,589059456.0,4.28,2.64,0.89,0.96
2020-04-30,600309,34.56,36.16,36.61,34.56,207623,933809392.0,5.93,4.66,1.61,1.46
2020-05-06,600309,35.41,36.98,37.16,35.41,217345,986230960.0,4.84,2.27,0.82,1.53
2020-05-07,600309,37.16,37.06,37.51,36.68,129359,594851264.0,2.24,0.22,0.08,0.91
2020-05-08,600309,37.08,37.99,38.66,37.08,175599,824661968.0,4.26,2.51,0.93,1.23
2020-05-11,600309,38.16,37.91,39.16,37.64,143020,675520496.0,4.0,-0.21,-0.08,1.0
2020-05-12,600309,37.91,37.69,38.39,37.16,114888,534032448.0,3.24,-0.58,-0.22,0.81
2020-05-13,600309,37.76,38.01,38.46,37.21,88653,414316368.0,3.32,0.85,0.32,0.62
2020-05-14,600309,37.85,37.17,37.85,37.17,94321,435434192.0,1.79,-2.21,-0.84,0.66
2020-05-15,600309,38.05,36.43,38.05,36.38,140234,622210976.0,4.49,-1.99,-0.74,0.98
2020-05-18,600309,36.73,37.08,37.54,36.13,105472,470661696.0,3.87,1.78,0.65,0.74
2020-05-19,600309,37.93,40.21,40.41,37.93,281564,1325413168.0,6.69,8.44,3.13,1.98
2020-05-20,600309,39.86,39.86,40.55,39.63,153363,731020336.0,2.29,-0.87,-0.35,1.08
2020-05-21,600309,40.3,38.57,40.3,38.2,161869,751180432.0,5.27,-3.24,-1.29,1.14
2020-05-22,600309,38.58,37.16,38.78,36.75,147799,664885728.0,5.26,-3.66,-1.41,1.04
2020-05-25,600309,36.96,37.53,37.66,36.51,118171,527745440.0,3.09,1.0,0.37,0.83
2020-05-26,600309,37.69,39.06,39.26,37.62,136490,629818944.0,4.37,4.08,1.53,0.96
2020-05-27,600309,39.16,37.97,39.16,37.64,98641,452240304.0,3.89,-2.79,-1.09,0.69
2020-05-28,600309,38.37,37.51,38.61,37.15,115333,521937696.0,3.85,-1.21,-0.46,0.81
2020-05-29,600309,38.36,38.94,40.07,38.34,241822,1133683600.0,4.61,3.81,1.43,1.7
2020-06-01,600309,39.78,40.38,40.64,39.54,229711,1101072480.0,2.82,3.7,1.44,1.61
2020-06-02,600309,40.46,40.63,40.96,39.74,162641,781201376.0,3.02,0.62,0.25,1.14
2020-06-03,600309,41.54,41.45,42.79,41.28,185354,918393584.0,3.72,2.02,0.82,1.3
2020-06-04,600309,42.21,41.55,42.22,41.04,110888,543349312.0,2.85,0.24,0.1,0.78
2020-06-05,600309,41.36,41.27,41.66,40.56,114974,558004080.0,2.65,-0.67,-0.28,0.81
2020-06-08,600309,41.96,42.25,42.94,41.57,161124,805206560.0,3.32,2.37,0.98,1.13
2020-06-09,600309,42.44,41.96,42.61,41.74,84716,419503712.0,2.06,-0.69,-0.29,0.6
2020-06-10,600309,41.97,41.62,42.63,41.34,101386,499379104.0,3.07,-0.81,-0.34,0.71
2020-06-11,600309,41.46,41.46,42.21,41.03,106085,522171456.0,2.84,-0.38,-0.16,0.75
2020-06-12,600309,40.46,40.96,41.05,39.78,149513,720432096.0,3.06,-1.21,-0.5,1.05
2020-06-15,600309,40.49,39.62,40.8,39.57,146050,695081632.0,3.0,-3.27,-1.34,1.03
2020-06-16,600309,40.3,40.71,41.0,40.26,112604,542296160.0,1.87,2.75,1.09,0.79
2020-06-17,600309,40.7,40.28,40.85,39.85,96866,461634544.0,2.46,-1.06,-0.43,0.68
2020-06-18,600309,40.06,41.06,41.21,40.02,119599,578139376.0,2.95,1.94,0.78,0.84
2020-06-19,600309,40.96,41.4,41.8,40.83,157486,770921136.0,2.36,0.83,0.34,1.11
2020-06-22,600309,41.4,41.01,41.55,40.13,169744,820363728.0,3.43,-0.94,-0.39,1.19
2020-06-23,600309,40.97,40.48,41.12,40.31,132153,635037296.0,1.98,-1.29,-0.53,0.93
2020-06-24,600309,40.6,42.48,43.16,40.6,255758,1277855136.0,6.32,4.94,2.0,1.8
2020-06-29,600309,42.48,41.64,42.51,40.96,171563,841441600.0,3.65,-1.98,-0.84,1.21
2020-06-30,600309,41.96,42.45,42.53,41.76,122866,611166224.0,1.85,1.95,0.81,0.86
2020-07-01,600309,42.46,44.51,44.86,42.26,242430,1244049616.0,6.12,4.85,2.06,1.7
2020-07-02,600309,44.26,46.72,47.23,44.17,337710,1806499072.0,6.87,4.97,2.21,2.37
2020-07-03,600309,46.66,46.06,47.78,45.79,210798,1138076992.0,4.26,-1.41,-0.66,1.48
2020-07-06,600309,46.96,48.11,48.56,46.94,249211,1382950096.0,3.52,4.45,2.05,1.75
2020-07-07,600309,48.26,47.65,49.66,47.37,254364,1420264576.0,4.76,-0.96,-0.46,1.79
2020-07-08,600309,46.91,47.5,48.72,46.87,181837,1000783184.0,3.88,-0.31,-0.15,1.28
2020-07-09,600309,47.66,47.46,48.37,46.87,248884,1368152848.0,3.16,-0.08,-0.04,1.75
2020-07-10,600309,47.07,46.25,47.59,46.03,231481,1256008160.0,3.29,-2.55,-1.21,1.63
2020-07-13,600309,46.36,47.66,47.66,46.26,263347,1436940432.0,3.03,3.05,1.41,1.85
2020-07-14,600309,47.46,47.42,48.71,46.56,209473,1155056288.0,4.51,-0.5,-0.24,1.47
2020-07-15,600309,47.96,50.72,51.65,47.61,383679,2201824960.0,8.52,6.96,3.3,2.69
2020-07-16,600309,50.06,49.45,52.31,48.72,389775,2267410608.0,7.08,-2.5,-1.27,2.74
2020-07-17,600309,49.76,54.55,54.66,49.76,498713,3028678752.0,9.91,10.31,5.1,3.5
2020-07-20,600309,55.06,57.76,59.52,55.06,456848,2967883760.0,8.18,5.88,3.21,3.21
2020-07-21,600309,57.46,57.03,57.79,55.62,292234,1879501264.0,3.76,-1.26,-0.73,2.05
2020-07-22,600309,57.21,59.7,61.12,57.05,310597,2064206480.0,7.14,4.68,2.67,2.18
2020-07-23,600309,58.46,58.8,61.06,57.29,301759,1994775808.0,6.31,-1.51,-0.9,2.12
2020-07-24,600309,57.53,54.57,57.96,53.52,416314,2617090400.0,7.55,-7.19,-4.23,2.92
2020-07-27,600309,55.46,56.11,57.23,55.36,235265,1499970080.0,3.43,2.82,1.54,1.65
2020-07-28,600309,56.84,58.64,61.1,55.54,247859,1610534880.0,9.91,4.51,2.53,1.74
2020-07-29,600309,57.16,58.11,59.08,56.45,279163,1814043424.0,4.48,-0.9,-0.53,1.96
2020-07-30,600309,60.56,59.53,61.84,59.14,328917,2237921552.0,4.65,2.44,1.42,2.31
2020-07-31,600309,59.55,60.05,62.26,59.26,247656,1686211968.0,5.04,0.87,0.52,1.74
2020-08-03,600309,59.95,60.06,60.14,57.46,281444,1861124160.0,4.46,0.02,0.01,1.98
2020-08-04,600309,60.07,59.35,61.26,58.94,182130,1224977760.0,3.86,-1.18,-0.71,1.28
2020-08-05,600309,58.71,60.96,60.96,58.71,193859,1306697808.0,3.79,2.71,1.61,1.36
2020-08-06,600309,61.66,62.16,63.11,60.47,260833,1815010144.0,4.33,1.97,1.2,1.83
2020-08-07,600309,61.57,60.03,62.04,58.69,205138,1392664704.0,5.39,-3.43,-2.13,1.44
2020-08-10,600309,59.96,59.36,59.96,57.65,163025,1084552192.0,3.85,-1.12,-0.67,1.15
2020-08-11,600309,59.96,59.16,61.11,58.96,147900,1001375376.0,3.62,-0.34,-0.2,1.04
2020-08-12,600309,58.91,56.9,59.44,55.88,225759,1458409248.0,6.02,-3.82,-2.26,1.59
2020-08-13,600309,56.89,58.41,59.76,56.89,192019,1266501104.0,5.04,2.65,1.51,1.35
2020-08-14,600309,59.06,59.94,60.62,59.03,114244,769493728.0,2.72,2.62,1.53,0.8
2020-08-17,600309,60.87,59.65,60.96,58.96,224431,1514486704.0,3.34,-0.48,-0.29,1.58
2020-08-18,600309,60.26,61.45,61.64,58.27,206635,1392966432.0,5.65,3.02,1.8,1.45
2020-08-19,600309,60.9,60.12,61.08,59.77,139854,950928320.0,2.13,-2.16,-1.33,0.98
2020-08-20,600309,57.86,61.26,61.63,57.51,224652,1522934608.0,6.85,1.9,1.14,1.58
2020-08-21,600309,61.43,61.66,61.93,60.13,128557,882945600.0,2.94,0.65,0.4,0.9
2020-08-24,600309,61.72,63.66,64.57,61.72,243985,1739159824.0,4.62,3.24,2.0,1.71
2020-08-25,600309,64.01,62.02,64.43,61.65,176109,1234251568.0,4.37,-2.58,-1.64,1.24
2020-08-26,600309,62.09,61.78,62.43,61.03,112645,779749056.0,2.26,-0.39,-0.24,0.79
2020-08-27,600309,62.47,62.8,63.26,61.06,127657,891872592.0,3.56,1.65,1.02,0.9
2020-08-28,600309,62.86,67.02,68.06,62.39,261376,1909957360.0,9.03,6.72,4.22,1.84
2020-08-31,600309,67.43,65.75,67.76,65.54,178608,1322673376.0,3.31,-1.89,-1.27,1.25
2020-09-01,600309,65.08,66.72,66.79,64.76,117141,859517008.0,3.09,1.48,0.97,0.82
2020-09-02,600309,67.06,65.96,67.41,65.06,121115,889687888.0,3.52,-1.14,-0.76,0.85
2020-09-03,600309,66.57,68.26,69.75,66.24,210624,1601312208.0,5.32,3.49,2.3,1.48
2020-09-04,600309,66.39,69.96,70.51,65.66,195955,1480594480.0,7.11,2.49,1.7,1.38
2020-09-07,600309,69.68,65.34,70.63,64.06,263971,1972263456.0,9.39,-6.6,-4.62,1.85
2020-09-08,600309,64.95,66.14,66.31,62.06,223940,1607632240.0,6.5,1.22,0.8,1.57
2020-09-09,600309,63.66,62.16,63.85,60.48,217636,1522281808.0,5.1,-6.02,-3.98,1.53
2020-09-10,600309,63.1,64.26,65.71,61.96,180926,1293284480.0,6.03,3.38,2.1,1.27
2020-09-11,600309,63.76,64.61,65.26,62.71,152010,1087111280.0,3.97,0.54,0.35,1.07
2020-09-14,600309,65.34,66.54,67.31,64.82,175025,1294261824.0,3.85,2.99,1.93,1.23
2020-09-15,600309,66.76,67.86,68.51,65.46,135501,1015324272.0,4.58,1.98,1.32,0.95
2020-09-16,600309,67.46,67.74,68.91,67.36,115647,874057392.0,2.28,-0.18,-0.12,0.81
2020-09-17,600309,68.46,68.36,69.43,66.76,155452,1173800208.0,3.94,0.92,0.62,1.09
2020-09-18,600309,67.42,67.45,69.39,66.76,206957,1565291696.0,3.85,-1.33,-0.91,1.45
2020-09-21,600309,68.06,68.46,68.82,67.26,129710,981938096.0,2.31,1.5,1.01,0.91
2020-09-22,600309,66.96,64.47,67.69,64.46,204628,1495446560.0,4.72,-5.83,-3.99,1.44
2020-09-23,600309,64.9,63.56,65.52,62.84,161367,1148238800.0,4.16,-1.41,-0.91,1.13
2020-09-24,600309,63.5,62.05,63.5,61.77,130867,917303808.0,2.72,-2.38,-1.51,0.92
2020-09-25,600309,64.17,61.49,64.17,61.16,137351,955742048.0,4.85,-0.9,-0.56,0.96
2020-09-28,600309,61.86,62.78,63.38,61.47,121414,850453216.0,3.11,2.1,1.29,0.85
2020-09-29,600309,63.31,62.8,64.05,62.78,110822,784896672.0,2.02,0.03,0.02,0.78
2020-09-30,600309,62.78,61.76,63.44,61.16,135117,939319936.0,3.63,-1.66,-1.04,0.95
2020-10-09,600309,63.46,64.66,64.94,62.91,141667,1014980144.0,3.29,4.7,2.9,1.0
2020-10-12,600309,64.96,69.66,70.01,64.96,208909,1579185792.0,7.81,7.73,5.0,1.47
2020-10-13,600309,69.46,71.56,73.57,68.84,185673,1464871056.0,6.79,2.73,1.9,1.3
2020-10-14,600309,72.25,72.61,73.64,71.92,157264,1263626384.0,2.4,1.47,1.05,1.1
2020-10-15,600309,72.6,72.03,73.53,71.7,135585,1082329344.0,2.52,-0.8,-0.58,0.95
2020-10-16,600309,72.26,72.06,73.24,70.78,126840,1010620304.0,3.42,0.04,0.03,0.89
2020-10-19,600309,72.94,71.76,74.26,71.08,140784,1125929648.0,4.41,-0.42,-0.3,0.99
2020-10-20,600309,71.41,72.36,72.54,71.24,87640,697099680.0,1.81,0.84,0.6,0.62
2020-10-21,600309,72.66,71.58,73.26,71.09,98342,781674544.0,3.0,-1.08,-0.78,0.69
2020-10-22,600309,72.05,70.87,72.26,70.06,82232,646839840.0,3.07,-0.99,-0.71,0.58
2020-10-23,600309,70.12,71.16,73.34,69.29,196350,1555349072.0,5.71,0.41,0.29,1.38
2020-10-26,600309,70.43,68.96,71.15,67.36,166454,1265746944.0,5.33,-3.09,-2.2,1.17
2020-10-27,600309,69.52,70.05,71.11,69.26,113671,881672096.0,2.68,1.58,1.09,0.8
2020-10-28,600309,72.46,74.76,75.41,71.86,260924,2119370112.0,5.07,6.72,4.71,1.83
2020-10-29,600309,74.01,70.91,74.76,70.35,283635,2245298960.0,5.9,-5.15,-3.85,1.99
2020-10-30,600309,70.73,70.95,73.66,70.51,169773,1351345840.0,4.44,0.06,0.04,1.19
2020-11-02,600309,71.16,72.04,73.14,70.23,157377,1256433024.0,4.1,1.54,1.09,1.11
2020-11-03,600309,73.35,72.51,73.44,71.26,123570,986951712.0,3.03,0.65,0.47,0.87
2020-11-04,600309,71.64,75.59,75.62,71.64,178669,1463810880.0,5.49,4.25,3.08,1.25
2020-11-05,600309,75.91,76.01,77.16,74.26,161085,1340138272.0,3.84,0.56,0.42,1.13
2020-11-06,600309,77.01,78.32,79.68,75.52,210338,1796066416.0,5.47,3.04,2.31,1.48
2020-11-09,600309,79.56,79.86,81.34,77.63,201445,1756287424.0,4.74,1.97,1.54,1.41
2020-11-10,600309,80.74,82.7,84.34,79.96,223334,2014177792.0,5.48,3.56,2.84,1.57
2020-11-11,600309,82.46,80.96,83.33,80.55,151695,1356695008.0,3.36,-2.1,-1.74,1.07
2020-11-12,600309,81.53,82.94,83.06,81.0,128139,1153895520.0,2.54,2.45,1.98,0.9
2020-11-13,600309,81.48,80.36,82.46,78.68,212055,1861462080.0,4.56,-3.11,-2.58,1.49
2020-11-16,600309,81.44,84.41,85.17,79.58,228630,2074475968.0,6.96,5.04,4.05,1.61
2020-11-17,600309,83.71,82.85,84.62,81.46,169590,1535529104.0,3.74,-1.85,-1.56,1.19
2020-11-18,600309,82.53,82.85,85.41,81.46,185968,1691113120.0,4.77,0.0,0.0,1.31
2020-11-19,600309,81.96,81.95,82.46,79.28,140040,1242752480.0,3.84,-1.09,-0.9,0.98
2020-11-20,600309,81.86,83.06,83.86,81.71,96553,876331584.0,2.62,1.35,1.11,0.68
2020-11-23,600309,83.64,81.87,85.79,81.25,228038,2077249296.0,5.47,-1.43,-1.19,1.6
2020-11-24,600309,82.39,79.71,82.39,78.12,291738,2537102464.0,5.22,-2.64,-2.16,2.05
2020-11-25,600309,81.29,76.64,81.29,76.52,204509,1755581344.0,5.98,-3.85,-3.07,1.44
2020-11-26,600309,76.16,74.56,76.66,72.54,348682,2846587808.0,5.38,-2.71,-2.08,2.45
2020-11-27,600309,75.46,76.34,77.95,74.66,253162,2115467472.0,4.41,2.39,1.78,1.78
2020-11-30,600309,75.46,73.66,76.66,73.66,217217,1788697584.0,3.93,-3.51,-2.68,1.53
2020-12-01,600309,74.23,76.46,76.69,73.68,189123,1571690624.0,4.09,3.8,2.8,1.33
2020-12-02,600309,75.96,75.42,76.7,74.46,121043,1003421984.0,2.93,-1.36,-1.04,0.85
2020-12-03,600309,75.74,75.61,76.28,74.36,121717,1010965712.0,2.55,0.25,0.19,0.85
2020-12-04,600309,75.79,76.82,77.91,75.39,140837,1189824064.0,3.33,1.6,1.21,0.99
2020-12-07,600309,76.56,75.7,76.96,74.66,130859,1086276192.0,2.99,-1.46,-1.12,0.92
2020-12-08,600309,75.71,75.45,77.34,75.17,117957,987529760.0,2.87,-0.33,-0.25,0.83
2020-12-09,600309,75.56,75.06,76.45,74.73,85375,709037504.0,2.28,-0.52,-0.39,0.6
2020-12-10,600309,74.34,74.58,75.96,73.75,115309,949175424.0,2.94,-0.64,-0.48,0.81
2020-12-11,600309,74.61,74.28,76.53,73.46,141719,1170133056.0,4.12,-0.4,-0.3,1.0
2020-12-14,600309,74.12,72.72,74.61,72.25,183228,1473962992.0,3.18,-2.1,-1.56,1.29
2020-12-15,600309,73.19,76.55,76.81,72.76,211774,1754756624.0,5.57,5.27,3.83,1.49
2020-12-16,600309,76.89,78.81,79.16,76.89,179928,1545296400.0,2.97,2.95,2.26,1.26
2020-12-17,600309,78.91,78.41,80.36,77.9,168853,1459558800.0,3.12,-0.51,-0.4,1.19
2020-12-18,600309,78.42,79.56,80.66,78.42,158250,1382952400.0,2.86,1.47,1.15,1.11
2020-12-21,600309,79.36,81.28,81.4,78.28,157956,1389421312.0,3.92,2.16,1.72,1.11
2020-12-22,600309,80.31,78.44,80.83,78.27,178547,1549100192.0,3.15,-3.49,-2.84,1.25
2020-12-23,600309,78.54,79.42,80.76,77.96,143077,1245753792.0,3.57,1.25,0.98,1.0
2020-12-24,600309,79.94,81.06,81.28,78.52,158654,1388199744.0,3.48,2.06,1.64,1.11
2020-12-25,600309,80.16,83.67,84.2,79.16,196569,1758392336.0,6.22,3.22,2.61,1.38
2020-12-28,600309,83.35,80.46,84.18,80.03,208185,1857971168.0,4.96,-3.84,-3.21,1.46
2020-12-29,600309,80.84,81.81,83.09,80.53,163197,1461486352.0,3.18,1.68,1.35,1.15
2020-12-30,600309,81.54,83.68,83.74,81.46,123826,1122066464.0,2.79,2.29,1.87,0.87
2020-12-31,600309,82.34,83.5,83.94,81.16,213631,1931135184.0,3.32,-0.22,-0.18,1.5
2021-01-04,600309,82.76,86.58,87.65,82.46,207791,1938645344.0,6.22,3.69,3.08,1.46
2021-01-05,600309,86.26,90.08,91.26,85.71,246271,2378965760.0,6.41,4.04,3.5,1.73
2021-01-06,600309,90.16,90.88,92.69,88.36,207364,2039655424.0,4.81,0.89,0.8,1.46
2021-01-07,600309,96.26,99.45,100.72,95.05,553054,5893180160.0,6.24,9.43,8.57,3.88
2021-01-08,600309,99.46,101.46,102.04,99.16,285837,3088863136.0,2.9,2.02,2.01,2.01
2021-01-11,600309,101.43,101.13,103.63,98.78,248373,2712871152.0,4.78,-0.33,-0.33,1.74
2021-01-12,600309,99.99,105.47,106.26,99.64,252848,2804848800.0,6.55,4.29,4.34,1.78
2021-01-13,600309,106.31,106.15,110.64,104.46,250150,2879791552.0,5.86,0.64,0.68,1.76
2021-01-14,600309,104.02,102.11,106.03,101.07,232267,2569565696.0,4.67,-3.81,-4.04,1.63
2021-01-15,600309,103.06,100.16,103.42,97.46,219453,2359701184.0,5.84,-1.91,-1.95,1.54
2021-01-18,600309,100.75,102.26,104.25,98.61,193956,2125975536.0,5.63,2.1,2.1,1.36
2021-01-19,600309,102.37,99.95,104.67,98.46,192540,2089901488.0,6.07,-2.26,-2.31,1.35
2021-01-20,600309,100.96,102.41,103.68,100.56,139101,1530773584.0,3.12,2.46,2.46,0.98
2021-01-21,600309,103.66,105.9,109.16,102.95,243934,2788167984.0,6.06,3.41,3.49,1.71
2021-01-22,600309,105.87,108.95,110.74,105.01,164853,1920417008.0,5.41,2.88,3.05,1.16
2021-01-25,600309,109.36,108.97,111.76,106.87,195065,2282324688.0,4.49,0.02,0.02,1.37
2021-01-26,600309,107.75,109.46,110.66,106.15,138868,1616892128.0,4.14,0.45,0.49,0.98
2021-01-27,600309,110.49,107.77,111.36,104.79,184566,2125884032.0,6.0,-1.54,-1.69,1.3
2021-01-28,600309,105.99,103.83,108.34,102.96,161301,1818237856.0,4.99,-3.66,-3.94,1.13
2021-01-29,600309,107.22,104.26,107.84,102.96,164000,1854946608.0,4.7,0.41,0.43,1.15
2021-02-01,600309,105.9,113.53,113.53,105.9,275282,3266915920.0,7.32,8.89,9.27,1.93
2021-02-02,600309,113.65,113.54,113.75,108.01,230558,2752560640.0,5.06,0.01,0.01,1.62
2021-02-03,600309,114.46,115.65,118.83,112.22,222753,2764631584.0,5.82,1.86,2.11,1.56
2021-02-04,600309,116.06,122.46,122.86,115.66,238357,3065275600.0,6.23,5.89,6.81,1.67
2021-02-05,600309,123.76,116.21,124.35,115.12,288310,3665209488.0,7.54,-5.1,-6.25,2.02
2021-02-08,600309,116.23,124.35,124.35,113.24,229022,2933087872.0,9.56,7.0,8.14,1.61
2021-02-09,600309,125.75,129.85,129.85,122.96,240644,3239089680.0,5.54,4.42,5.5,1.69
2021-02-10,600309,127.96,132.88,133.55,127.78,192013,2674446272.0,4.44,2.33,3.03,1.35
2021-02-18,600309,138.96,136.44,142.64,134.33,305706,4464943360.0,6.25,2.68,3.56,2.15
2021-02-19,600309,134.57,129.94,138.76,124.23,318424,4369687296.0,10.65,-4.76,-6.5,2.24
2021-02-22,600309,132.46,127.81,134.31,127.01,372585,5124062208.0,5.62,-1.64,-2.13,2.62
2021-02-23,600309,128.09,123.25,129.96,121.36,287455,3818594464.0,6.73,-3.57,-4.56,2.02
2021-02-24,600309,125.79,121.28,128.42,118.59,438074,5747916544.0,7.98,-1.6,-1.97,3.08
2021-02-25,600309,127.59,125.81,129.96,124.23,296341,3987642304.0,4.72,3.74,4.53,2.08
2021-02-26,600309,124.36,123.26,129.66,123.23,343158,4581239552.0,5.11,-2.03,-2.55,2.41
2021-03-01,600309,123.56,122.6,125.95,118.01,386018,5001401856.0,6.44,-0.54,-0.66,2.71
2021-03-02,600309,124.46,114.88,124.55,113.66,425592,5349493504.0,8.88,-6.3,-7.72,2.99
2021-03-03,600309,115.53,118.31,119.06,115.26,237466,2971333632.0,3.31,2.99,3.43,1.67
2021-03-04,600309,115.81,106.78,117.16,105.73,442867,5167819520.0,9.66,-9.75,-11.53,3.11
2021-03-05,600309,105.7,102.25,107.44,102.14,408050,4541174016.0,4.96,-4.24,-4.53,2.87
2021-03-08,600309,104.96,100.35,109.79,100.18,379864,4259063232.0,9.4,-1.86,-1.9,2.67
2021-03-09,600309,98.56,96.48,102.05,96.46,350231,3762710496.0,5.57,-3.86,-3.87,2.46
2021-03-10,600309,99.56,101.39,103.28,99.24,333670,3623294272.0,4.19,5.09,4.91,2.34
2021-03-11,600309,102.41,103.21,106.04,100.77,343934,3825254512.0,5.2,1.8,1.82,2.42
2021-03-12,600309,106.28,108.79,108.89,105.46,359710,4146974768.0,3.32,5.41,5.58,2.53
2021-03-15,600309,110.26,105.74,110.9,103.56,294937,3371744880.0,6.75,-2.8,-3.05,2.07
2021-03-16,600309,105.76,109.65,109.96,105.74,209525,2422179792.0,3.99,3.7,3.91,1.47
2021-03-17,600309,109.63,110.46,111.81,105.46,242101,2836473968.0,5.79,0.74,0.81,1.7
2021-03-18,600309,111.76,110.64,111.93,109.46,171184,2028002400.0,2.24,0.16,0.18,1.2
2021-03-19,600309,107.26,107.7,109.14,104.37,205998,2359240832.0,4.31,-2.66,-2.94,1.45
2021-03-22,600309,106.54,102.76,108.35,100.81,302156,3344615776.0,7.0,-4.59,-4.94,2.12
2021-03-23,600309,103.16,100.46,103.23,95.63,377522,4000646496.0,7.4,-2.24,-2.3,2.65
2021-03-24,600309,99.64,93.82,99.64,92.72,356971,3648649392.0,6.89,-6.61,-6.64,2.51
2021-03-25,600309,93.31,96.34,98.41,93.16,234429,2429984080.0,5.6,2.69,2.52,1.65
2021-03-26,600309,98.11,100.69,101.46,96.49,210694,2254145744.0,5.16,4.52,4.35,1.48
2021-03-29,600309,101.86,103.65,106.28,100.17,231129,2571465136.0,6.07,2.94,2.96,1.62
2021-03-30,600309,103.81,103.71,104.84,101.86,149531,1661357520.0,2.88,0.06,0.06,1.05
2021-03-31,600309,101.57,98.06,102.36,96.52,285188,3019966480.0,5.63,-5.45,-5.65,2.0
2021-04-01,600309,98.86,100.22,100.26,97.49,154281,1642603536.0,2.82,2.2,2.16,1.08
2021-04-02,600309,100.98,103.96,104.43,100.68,174603,1927507440.0,3.74,3.73,3.74,1.23
2021-04-06,600309,104.51,99.7,104.76,98.81,195041,2101106128.0,5.72,-4.1,-4.26,1.37
2021-04-07,600309,101.09,99.39,101.8,97.06,179475,1915003120.0,4.75,-0.31,-0.31,1.26
2021-04-08,600309,99.47,101.58,102.31,97.47,194667,2110484592.0,4.87,2.2,2.19,1.37
2021-04-09,600309,104.2,99.36,104.36,99.01,172699,1866110736.0,5.27,-2.19,-2.22,1.21
2021-04-12,600309,102.45,92.53,102.45,91.46,484016,4959682560.0,11.06,-6.87,-6.83,3.4
2021-04-13,600309,93.46,96.89,99.12,92.56,355990,3709357856.0,7.09,4.71,4.36,2.5
2021-04-14,600309,96.89,97.77,98.72,96.08,167507,1758712240.0,2.72,0.91,0.88,1.18
2021-04-15,600309,98.46,96.98,98.78,94.76,147257,1523916144.0,4.11,-0.81,-0.79,1.03
2021-04-16,600309,97.96,96.01,98.82,93.76,186312,1931906096.0,5.22,-1.0,-0.97,1.31
2021-04-19,600309,95.66,100.4,100.86,93.89,269726,2873251104.0,7.26,4.57,4.39,1.89
2021-04-20,600309,99.56,104.48,105.66,99.5,274251,3046520448.0,6.14,4.06,4.08,1.93
2021-04-21,600309,102.39,104.28,105.23,101.79,189076,2100983264.0,3.29,-0.19,-0.2,1.33
2021-04-22,600309,105.15,102.06,105.52,100.26,149930,1642987024.0,5.04,-2.13,-2.22,1.05
2021-04-23,600309,102.04,103.58,105.02,101.11,156665,1739191328.0,3.83,1.49,1.52,1.1
2021-04-26,600309,104.75,102.51,106.94,102.11,187199,2073813424.0,4.66,-1.03,-1.07,1.31
2021-04-27,600309,102.66,101.17,102.98,99.8,141734,1522102496.0,3.1,-1.31,-1.34,1.0
2021-04-28,600309,101.75,102.24,102.36,97.91,136979,1464351440.0,4.4,1.06,1.07,0.96
2021-04-29,600309,100.76,99.25,100.77,97.76,256199,2698836144.0,2.94,-2.92,-2.99,1.8
2021-04-30,600309,98.27,96.5,98.88,95.36,253040,2604226704.0,3.55,-2.77,-2.75,1.78
2021-05-06,600309,95.76,98.64,99.96,95.7,204123,2137367760.0,4.41,2.22,2.14,1.43
2021-05-07,600309,99.11,100.38,103.73,97.76,255934,2754694192.0,6.05,1.76,1.74,1.8
2021-05-10,600309,102.64,97.42,102.73,96.16,217645,2263259824.0,6.55,-2.95,-2.96,1.53
2021-05-11,600309,96.26,97.88,98.21,93.76,195985,2008746352.0,4.57,0.47,0.46,1.38
2021-05-12,600309,96.75,99.59,100.12,96.75,135642,1421036592.0,3.44,1.75,1.71,0.95
2021-05-13,600309,98.55,93.51,98.63,92.53,345500,3474534272.0,6.13,-6.11,-6.08,2.43
2021-05-14,600309,93.52,97.16,97.22,93.17,257751,2615018208.0,4.33,3.9,3.65,1.81
2021-05-17,600309,95.58,102.73,103.42,95.56,351711,3798963808.0,8.09,5.73,5.57,2.47
2021-05-18,600309,103.38,102.2,104.2,100.75,132789,1441767056.0,3.36,-0.52,-0.53,0.93
2021-05-19,600309,102.26,102.16,103.26,100.14,112532,1215541360.0,3.05,-0.04,-0.04,0.79
2021-05-20,600309,100.76,98.84,101.08,97.6,201604,2115489248.0,3.41,-3.25,-3.32,1.42
2021-05-21,600309,100.13,97.26,100.24,96.14,161538,1673675856.0,4.15,-1.6,-1.58,1.13
2021-05-24,600309,97.26,97.83,98.05,95.45,153070,1575413632.0,2.67,0.59,0.57,1.08
2021-05-25,600309,98.08,102.95,103.08,97.46,269026,2888485456.0,5.74,5.23,5.12,1.89
2021-05-26,600309,103.71,105.7,106.54,103.61,252849,2832068144.0,2.85,2.67,2.75,1.78
2021-05-27,600309,102.77,104.76,105.75,102.14,197033,2172015712.0,3.42,-0.89,-0.94,1.38
2021-05-28,600309,105.26,103.06,106.36,102.33,169196,1868425808.0,3.85,-1.62,-1.7,1.19
2021-05-31,600309,102.76,102.54,103.06,100.77,179748,1937659616.0,2.22,-0.5,-0.52,1.26
2021-06-01,600309,101.78,110.61,110.91,101.78,340424,3857601440.0,8.9,7.87,8.07,2.39
2021-06-02,600309,111.26,110.05,111.56,108.34,190022,2204227712.0,2.91,-0.51,-0.56,1.33
2021-06-03,600309,110.05,106.74,110.86,106.6,193028,2209339952.0,3.87,-3.01,-3.31,1.36
2021-06-04,600309,105.96,107.66,108.6,105.76,174009,1971022192.0,2.66,0.86,0.92,1.22
2021-06-07,600309,107.82,107.47,108.46,106.01,171094,1939196400.0,2.28,-0.18,-0.19,1.2
2021-06-08,600309,107.78,104.82,107.94,103.42,188904,2102147760.0,4.21,-2.47,-2.65,1.33
2021-06-09,600309,103.76,108.56,108.56,103.46,250511,2822110928.0,4.87,3.57,3.74,1.76
2021-06-10,600309,107.76,107.92,109.16,107.16,187008,2139565824.0,1.84,-0.59,-0.64,1.31
2021-06-11,600309,108.21,108.56,110.86,107.38,201708,2327775136.0,3.22,0.59,0.64,1.42
2021-06-15,600309,108.61,108.48,113.66,107.96,216300,2521983424.0,5.25,-0.07,-0.08,1.52
2021-06-16,600309,108.86,103.77,111.64,103.61,247320,2786682320.0,7.4,-4.34,-4.71,1.74
2021-06-17,600309,102.2,101.57,103.92,99.99,222749,2400083712.0,3.79,-2.12,-2.2,1.56
2021-06-18,600309,101.46,97.96,101.46,96.46,338609,3524989456.0,4.92,-3.55,-3.61,2.38
2021-06-21,600309,97.22,98.76,99.11,96.46,180901,1880618752.0,2.71,0.82,0.8,1.27
2021-06-22,600309,99.76,100.49,102.02,99.76,156959,1679189440.0,2.29,1.75,1.73,1.1
2021-06-23,600309,100.76,98.65,100.76,98.3,163754,1724873488.0,2.45,-1.83,-1.84,1.15
2021-06-24,600309,99.04,98.75,99.26,97.31,110453,1155198080.0,1.98,0.1,0.1,0.78
2021-06-25,600309,98.42,103.26,103.73,98.42,255554,2750987920.0,5.38,4.57,4.51,1.79
2021-06-28,600309,103.76,102.03,104.16,100.76,177661,1919128080.0,3.29,-1.19,-1.23,1.25
2021-06-29,600309,100.97,101.53,102.55,100.81,134920,1453951456.0,1.71,-0.49,-0.5,0.95
2021-06-30,600309,101.54,102.58,103.94,100.87,140679,1527716240.0,3.02,1.03,1.05,0.99
2021-07-01,600309,103.24,100.75,103.24,98.77,158233,1683040288.0,4.36,-1.78,-1.83,1.11
2021-07-02,600309,99.27,97.71,100.26,97.33,174884,1820582528.0,2.91,-3.02,-3.04,1.23
2021-07-05,600309,98.91,106.42,106.56,98.76,477804,5259135744.0,7.98,8.91,8.71,3.36
2021-07-06,600309,107.76,112.66,112.76,107.76,408949,4787841792.0,4.7,5.86,6.24,2.87
2021-07-07,600309,110.76,112.66,112.91,109.53,281176,3314160048.0,3.0,0.0,0.0,1.97
2021-07-08,600309,113.09,113.66,117.42,112.92,252156,3049427280.0,3.99,0.89,1.0,1.77
2021-07-09,600309,117.02,118.41,119.39,113.07,347375,4279713136.0,5.56,4.18,4.75,2.44
2021-07-12,600309,119.79,121.18,125.56,119.4,390209,5021198592.0,5.2,2.34,2.77,2.74
2021-07-13,600309,121.18,120.11,123.29,118.66,240314,3051878032.0,3.82,-0.88,-1.07,1.69
2021-07-14,600309,121.66,119.16,121.91,117.86,163713,2058085552.0,3.37,-0.79,-0.95,1.15
2021-07-15,600309,120.17,123.21,125.36,119.66,262129,3394212528.0,4.78,3.4,4.05,1.84
2021-07-16,600309,124.76,118.65,125.32,118.0,253677,3219893552.0,5.94,-3.7,-4.56,1.78
2021-07-19,600309,119.71,118.31,120.03,115.96,179229,2225083168.0,3.43,-0.29,-0.34,1.26
2021-07-20,600309,115.56,114.18,115.56,111.94,260281,3119004720.0,3.06,-3.49,-4.13,1.83
2021-07-21,600309,115.64,115.54,116.66,114.01,199925,2432673888.0,2.32,1.19,1.36,1.4
2021-07-22,600309,116.42,116.36,119.25,115.43,207849,2560166976.0,3.31,0.71,0.82,1.46
2021-07-23,600309,116.96,112.66,118.15,112.56,232451,2800000480.0,4.8,-3.18,-3.7,1.63
2021-07-26,600309,114.26,110.94,115.26,107.75,209480,2465988896.0,6.67,-1.53,-1.72,1.47
2021-07-27,600309,112.41,105.7,112.76,105.52,245397,2827706752.0,6.53,-4.72,-5.24,1.72
2021-07-28,600309,104.76,102.61,105.7,100.99,307527,3362936128.0,4.46,-2.92,-3.09,2.16
2021-07-29,600309,105.56,108.28,108.76,102.11,330381,3698632672.0,6.48,5.53,5.67,2.32
2021-07-30,600309,110.26,107.48,110.36,105.34,284852,3233429600.0,4.64,-0.74,-0.8,2.0
2021-08-02,600309,106.64,113.75,114.26,106.27,319900,3759386416.0,7.43,5.83,6.27,2.25
2021-08-03,600309,114.26,114.36,115.14,110.49,222121,2651090528.0,4.09,0.54,0.61,1.56
2021-08-04,600309,112.77,112.93,114.35,110.74,174466,2066613280.0,3.16,-1.25,-1.43,1.23
2021-08-05,600309,112.11,109.51,112.11,108.08,215172,2496831488.0,3.57,-3.03,-3.42,1.51
2021-08-06,600309,110.25,106.26,110.25,105.49,229406,2585373328.0,4.35,-2.97,-3.25,1.61
2021-08-09,600309,106.64,108.08,109.25,105.26,201604,2291843968.0,3.75,1.71,1.82,1.42
2021-08-10,600309,106.77,107.54,108.16,105.44,182312,2056378512.0,2.52,-0.5,-0.54,1.28
2021-08-11,600309,107.77,106.36,109.75,105.96,158706,1801107552.0,3.52,-1.1,-1.18,1.11
2021-08-12,600309,106.66,103.84,106.96,103.11,233964,2584966064.0,3.62,-2.37,-2.52,1.64
2021-08-13,600309,104.36,107.26,108.76,103.84,264387,2994860368.0,4.74,3.29,3.42,1.86
2021-08-16,600309,108.43,108.36,110.22,105.98,290854,3341219664.0,3.95,1.03,1.1,2.04
2021-08-17,600309,108.54,104.77,109.5,104.36,209880,2373824624.0,4.74,-3.31,-3.59,1.47
2021-08-18,600309,104.86,103.41,105.55,102.15,145752,1597483536.0,3.25,-1.3,-1.36,1.02
2021-08-19,600309,102.79,100.74,102.79,99.51,264599,2820304336.0,3.17,-2.58,-2.67,1.86
2021-08-20,600309,100.74,98.62,101.54,95.46,277955,2901920992.0,6.04,-2.1,-2.12,1.95
2021-08-23,600309,98.62,99.86,100.67,97.83,176267,1862672560.0,2.88,1.26,1.24,1.24
2021-08-24,600309,99.88,100.74,101.44,99.11,190082,2027344112.0,2.33,0.88,0.88,1.34
2021-08-25,600309,101.46,99.87,101.46,98.21,204570,2169381056.0,3.23,-0.86,-0.87,1.44
2021-08-26,600309,100.04,100.34,102.55,98.26,201551,2148669648.0,4.3,0.47,0.47,1.42
2021-08-27,600309,99.76,98.46,100.1,97.86,201678,2110554336.0,2.23,-1.87,-1.88,1.42
2021-08-30,600309,98.87,100.62,102.13,98.84,209560,2237203728.0,3.34,2.19,2.16,1.47
2021-08-31,600309,102.2,100.46,102.74,98.61,197367,2096143312.0,4.1,-0.16,-0.16,1.39
2021-09-01,600309,101.16,100.76,101.29,98.03,220596,2337825344.0,3.25,0.3,0.3,1.55
2021-09-02,600309,99.76,98.86,100.98,98.36,241024,2544445104.0,2.6,-1.89,-1.9,1.69
2021-09-03,600309,99.22,96.61,99.26,95.77,234843,2419447968.0,3.53,-2.28,-2.25,1.65
2021-09-06,600309,95.85,98.35,98.92,95.85,189838,1970233248.0,3.18,1.8,1.74,1.33
2021-09-07,600309,98.26,100.79,101.31,96.94,227362,2408140144.0,4.44,2.48,2.44,1.6
2021-09-08,600309,99.76,102.18,103.44,99.36,260922,2815875040.0,4.05,1.38,1.39,1.83
2021-09-09,600309,101.59,99.36,103.24,98.24,235100,2501945408.0,4.89,-2.76,-2.82,1.65
2021-09-10,600309,99.36,98.91,100.25,98.46,147515,1555137776.0,1.8,-0.45,-0.45,1.04
2021-09-13,600309,99.25,109.43,109.43,98.91,556707,6257522432.0,10.64,10.64,10.52,3.91
2021-09-14,600309,110.56,105.98,111.09,105.59,410018,4670680832.0,5.03,-3.15,-3.45,2.88
2021-09-15,600309,105.96,104.37,105.98,100.58,330456,3605691408.0,5.1,-1.52,-1.61,2.32
2021-09-16,600309,104.76,105.21,109.15,104.44,306900,3475438000.0,4.51,0.8,0.84,2.16
2021-09-17,600309,105.21,105.79,106.26,102.93,163603,1818756512.0,3.17,0.55,0.58,1.15
2021-09-22,600309,103.77,104.83,105.61,101.71,142702,1562882304.0,3.69,-0.91,-0.96,1.0
2021-09-23,600309,105.33,101.1,106.16,100.76,195200,2129049040.0,5.15,-3.56,-3.73,1.37
2021-09-24,600309,101.18,98.49,101.26,98.32,227793,2396622624.0,2.91,-2.58,-2.61,1.6
2021-09-27,600309,98.69,96.91,99.69,95.82,220952,2284667072.0,3.93,-1.6,-1.58,1.55
2021-09-28,600309,97.13,99.61,100.13,96.41,171619,1795973216.0,3.84,2.79,2.7,1.21
2021-09-29,600309,98.89,99.97,101.35,97.44,175147,1860212544.0,3.93,0.36,0.36,1.23
2021-09-30,600309,99.98,100.51,101.08,98.95,130730,1386812592.0,2.13,0.54,0.54,0.92
2021-10-08,600309,102.74,101.1,102.94,100.07,132488,1422260144.0,2.86,0.59,0.59,0.93
2021-10-11,600309,101.39,99.96,102.61,99.31,117911,1261178736.0,3.26,-1.13,-1.14,0.83
2021-10-12,600309,100.09,98.39,100.09,97.76,123773,1293765872.0,2.33,-1.57,-1.57,0.87
2021-10-13,600309,98.44,97.39,99.13,96.57,130808,1356611472.0,2.6,-1.02,-1.0,0.92
2021-10-14,600309,97.39,98.72,100.51,97.39,117633,1237072240.0,3.2,1.37,1.33,0.83
2021-10-15,600309,97.76,98.73,99.38,97.56,107934,1131329968.0,1.84,0.01,0.01,0.76
2021-10-18,600309,99.3,98.5,99.99,96.67,126996,1324837792.0,3.36,-0.23,-0.23,0.89
2021-10-19,600309,98.8,102.62,104.68,98.76,339396,3683408608.0,6.01,4.18,4.12,2.38
2021-10-20,600309,103.76,101.85,107.56,101.66,318395,3524404736.0,5.75,-0.75,-0.77,2.24
2021-10-21,600309,102.76,105.51,106.42,102.42,267661,2981817056.0,3.93,3.59,3.66,1.88
2021-10-22,600309,105.75,104.79,106.3,103.41,156189,1730561392.0,2.74,-0.68,-0.72,1.1
2021-10-25,600309,104.31,104.38,105.75,102.88,161650,1782431184.0,2.74,-0.39,-0.41,1.14
2021-10-26,600309,105.44,103.02,105.76,102.78,128855,1417846128.0,2.85,-1.3,-1.36,0.91
2021-10-27,600309,103.02,99.66,103.03,99.04,192438,2048974624.0,3.87,-3.26,-3.36,1.35
2021-10-28,600309,100.1,98.26,100.63,97.44,177830,1864512592.0,3.2,-1.4,-1.4,1.25
2021-10-29,600309,98.26,99.23,99.53,97.75,148894,1563544368.0,1.81,0.99,0.97,1.05
2021-11-01,600309,98.86,98.16,100.37,97.62,171467,1794735952.0,2.77,-1.08,-1.07,1.2
2021-11-02,600309,98.16,97.74,98.76,95.94,223863,2317159648.0,2.87,-0.43,-0.42,1.57
2021-11-03,600309,97.36,96.33,97.54,95.64,172136,1761693792.0,1.94,-1.44,-1.41,1.21
2021-11-04,600309,96.66,97.04,97.52,95.79,122517,1263325104.0,1.8,0.74,0.71,0.86
2021-11-05,600309,96.98,94.32,97.36,93.76,272589,2749851152.0,3.71,-2.8,-2.72,1.91
2021-11-08,600309,93.64,94.25,95.31,91.84,142571,1424821248.0,3.68,-0.07,-0.07,1.0
2021-11-09,600309,94.26,90.42,94.74,89.68,312778,3055020768.0,5.37,-4.06,-3.83,2.2
2021-11-10,600309,89.77,91.1,91.19,87.16,223821,2132816224.0,4.46,0.75,0.68,1.57
2021-11-11,600309,89.79,92.64,92.98,89.27,146258,1429802016.0,4.07,1.69,1.54,1.03
2021-11-12,600309,92.76,92.28,93.06,90.95,106583,1046883040.0,2.28,-0.39,-0.36,0.75
2021-11-15,600309,92.25,91.28,92.81,89.62,126827,1229128480.0,3.46,-1.08,-1.0,0.89
2021-11-16,600309,91.61,91.01,92.04,90.64,86405,843432256.0,1.53,-0.3,-0.27,0.61
2021-11-17,600309,90.96,92.17,93.26,90.92,122053,1203292384.0,2.57,1.27,1.16,0.86
2021-11-18,600309,92.44,91.36,92.56,91.26,92495,905243072.0,1.41,-0.88,-0.81,0.65
2021-11-19,600309,91.64,94.0,94.87,91.39,144446,1436777136.0,3.81,2.89,2.64,1.01
2021-11-22,600309,94.0,93.76,94.41,92.61,112661,1124321472.0,1.91,-0.26,-0.24,0.79
2021-11-23,600309,93.76,92.56,93.76,92.06,131945,1305059696.0,1.81,-1.28,-1.2,0.93
2021-11-24,600309,92.85,92.03,92.85,91.33,86452,848568992.0,1.64,-0.57,-0.53,0.61
2021-11-25,600309,91.58,90.74,91.94,90.53,116298,1129244640.0,1.53,-1.4,-1.29,0.82
2021-11-26,600309,90.2,90.2,91.66,89.77,89910,870005072.0,2.08,-0.6,-0.54,0.63
2021-11-29,600309,88.56,88.76,90.2,88.26,174114,1656490576.0,2.15,-1.6,-1.44,1.22
2021-11-30,600309,88.66,89.51,90.04,88.36,119080,1138759616.0,1.89,0.84,0.75,0.84
2021-12-01,600309,89.64,88.76,90.46,88.26,119370,1132734464.0,2.46,-0.84,-0.75,0.84
2021-12-02,600309,88.44,88.95,90.01,87.86,127699,1213698368.0,2.42,0.21,0.19,0.9
2021-12-03,600309,88.57,88.78,89.06,87.32,117382,1108207664.0,1.96,-0.19,-0.17,0.82
2021-12-06,600309,89.06,91.43,94.26,89.06,234683,2301889696.0,5.86,2.98,2.65,1.65
2021-12-07,600309,92.25,93.26,94.04,91.29,205625,2044034272.0,3.01,2.0,1.83,1.44
2021-12-08,600309,94.36,93.76,94.74,92.85,151526,1513601584.0,2.03,0.54,0.5,1.06
2021-12-09,600309,93.76,96.61,97.14,93.31,239412,2450971776.0,4.08,3.04,2.85,1.68
2021-12-10,600309,95.76,96.36,97.52,95.12,162424,1665574752.0,2.48,-0.26,-0.25,1.14
2021-12-13,600309,98.36,100.56,105.32,98.36,473739,5139860736.0,7.22,4.36,4.2,3.33
2021-12-14,600309,99.76,98.46,100.96,97.3,177694,1869586544.0,3.64,-2.09,-2.1,1.25
2021-12-15,600309,98.27,96.94,99.64,96.59,131407,1365905664.0,3.1,-1.54,-1.52,0.92
2021-12-16,600309,97.72,97.75,98.16,96.76,93554,970479792.0,1.44,0.84,0.81,0.66
2021-12-17,600309,98.11,96.91,99.53,96.81,108493,1127474880.0,2.78,-0.86,-0.84,0.76
2021-12-20,600309,96.03,94.66,96.9,94.07,145505,1471517184.0,2.92,-2.32,-2.25,1.02
2021-12-21,600309,94.16,95.51,96.42,94.15,87601,892821152.0,2.4,0.9,0.85,0.62
2021-12-22,600309,95.56,95.26,95.97,94.04,89042,901532896.0,2.02,-0.26,-0.25,0.63
2021-12-23,600309,95.44,96.4,96.68,95.12,78870,805437088.0,1.64,1.2,1.14,0.55
2021-12-24,600309,96.64,95.01,96.73,94.36,72930,740061664.0,2.46,-1.44,-1.39,0.51
2021-12-27,600309,95.66,95.41,95.95,94.83,61599,626360704.0,1.18,0.42,0.4,0.43
2021-12-28,600309,94.84,95.64,96.06,94.64,68757,700760464.0,1.49,0.24,0.23,0.48
2021-12-29,600309,96.06,95.65,96.31,94.46,77945,792420320.0,1.93,0.01,0.01,0.55
2021-12-30,600309,95.65,94.48,95.67,92.91,122423,1232981488.0,2.89,-1.22,-1.17,0.86
2021-12-31,600309,94.48,94.76,95.42,93.66,89415,901404288.0,1.86,0.3,0.28,0.63
2022-01-04,600309,94.81,93.81,95.29,92.54,141545,1410441168.0,2.9,-1.0,-0.95,0.99
2022-01-05,600309,93.55,94.31,97.26,93.26,133877,1360959616.0,4.26,0.53,0.5,0.94
2022-01-06,600309,93.78,94.71,96.55,93.76,103596,1048617280.0,2.96,0.42,0.4,0.73
2022-01-07,600309,94.72,96.61,97.87,94.36,136443,1405192080.0,3.71,2.01,1.9,0.96
2022-01-10,600309,96.76,94.46,97.72,94.17,126873,1284514560.0,3.67,-2.23,-2.15,0.89
2022-01-11,600309,93.94,91.96,94.56,91.76,118940,1177831808.0,2.96,-2.65,-2.5,0.84
2022-01-12,600309,91.94,92.95,93.33,90.78,91404,899426016.0,2.77,1.08,0.99,0.64
2022-01-13,600309,92.46,90.83,93.36,90.64,90773,888842736.0,2.93,-2.28,-2.12,0.64
2022-01-14,600309,90.79,89.86,91.65,89.16,90253,870538016.0,2.74,-1.07,-0.97,0.63
2022-01-17,600309,90.06,89.29,90.74,89.08,92002,882592848.0,1.85,-0.63,-0.57,0.65
2022-01-18,600309,90.05,92.56,93.04,89.96,179503,1758255776.0,3.45,3.66,3.27,1.26
2022-01-19,600309,92.36,90.23,92.42,89.78,130631,1266282784.0,2.85,-2.52,-2.33,0.92
2022-01-20,600309,90.26,89.08,90.56,88.56,113035,1078281568.0,2.22,-1.27,-1.15,0.79
2022-01-21,600309,88.96,87.43,89.14,86.67,133166,1248622032.0,2.77,-1.85,-1.65,0.94
2022-01-24,600309,87.06,87.19,87.29,85.06,86861,805439072.0,2.55,-0.27,-0.24,0.61
2022-01-25,600309,86.73,84.36,87.11,84.34,117105,1075534992.0,3.18,-3.25,-2.83,0.82
2022-01-26,600309,84.42,85.16,85.76,84.42,72608,664029856.0,1.59,0.95,0.8,0.51
2022-01-27,600309,85.79,85.79,86.76,84.81,113264,1043710560.0,2.29,0.74,0.63,0.8
2022-01-28,600309,85.92,84.11,86.76,83.93,114277,1039922368.0,3.3,-1.96,-1.68,0.8
2022-02-07,600309,84.71,86.39,87.24,84.56,99522,919957856.0,3.19,2.71,2.28,0.7
2022-02-08,600309,85.96,87.76,87.77,85.36,103461,962535680.0,2.79,1.59,1.37,0.73
2022-02-09,600309,87.83,88.65,89.42,87.83,109506,1040682448.0,1.81,1.01,0.89,0.77
2022-02-10,600309,89.0,90.36,91.61,88.34,164161,1587332608.0,3.69,1.93,1.71,1.15
2022-02-11,600309,90.89,91.9,94.74,89.97,198292,1962800592.0,5.28,1.7,1.54,1.39
2022-02-14,600309,90.76,92.88,94.01,90.61,143408,1425114256.0,3.7,1.07,0.98,1.01
2022-02-15,600309,93.06,90.94,93.45,90.57,92990,907907312.0,3.1,-2.09,-1.94,0.65
2022-02-16,600309,91.66,91.26,92.74,89.86,85487,833381104.0,3.17,0.35,0.32,0.6
2022-02-17,600309,91.63,91.55,92.1,90.12,68652,671236672.0,2.17,0.32,0.29,0.48
2022-02-18,600309,91.1,92.18,92.26,90.62,71970,703800096.0,1.79,0.69,0.63,0.51
2022-02-21,600309,91.57,91.83,93.2,90.93,67816,664321392.0,2.46,-0.38,-0.35,0.48
2022-02-22,600309,90.91,89.96,91.42,89.12,103969,999409520.0,2.5,-2.04,-1.87,0.73
2022-02-23,600309,90.72,89.06,90.76,88.26,115212,1097414608.0,2.78,-1.0,-0.9,0.81
2022-02-24,600309,89.01,87.37,89.01,86.3,126293,1183662720.0,3.04,-1.9,-1.69,0.89
2022-02-25,600309,87.93,88.26,89.94,87.87,100309,953944528.0,2.37,1.02,0.89,0.7
2022-02-28,600309,88.76,88.56,90.09,88.1,82882,787423536.0,2.25,0.34,0.3,0.58
2022-03-01,600309,88.61,87.84,89.21,86.59,106204,995120576.0,2.96,-0.81,-0.72,0.75
2022-03-02,600309,87.76,86.85,88.53,86.77,70872,662639520.0,2.0,-1.13,-0.99,0.5
2022-03-03,600309,86.89,87.5,89.25,86.87,92801,873784336.0,2.74,0.75,0.65,0.65
2022-03-04,600309,87.33,85.23,87.46,84.9,139373,1279538896.0,2.93,-2.59,-2.27,0.98
2022-03-07,600309,84.51,80.81,85.24,80.61,206361,1831700240.0,5.43,-5.19,-4.42,1.45
2022-03-08,600309,80.76,79.19,82.25,78.53,163748,1416733840.0,4.6,-2.0,-1.62,1.15
2022-03-09,600309,80.62,77.36,80.91,74.08,201646,1687613696.0,8.62,-2.31,-1.83,1.42
2022-03-10,600309,78.8,77.78,80.09,76.75,217605,1841884432.0,4.32,0.54,0.42,1.53
2022-03-11,600309,76.76,76.57,77.06,74.73,189313,1553884768.0,3.0,-1.56,-1.21,1.33
2022-03-14,600309,75.06,74.1,76.69,74.0,166502,1354026720.0,3.51,-3.23,-2.47,1.17
2022-03-15,600309,73.36,69.31,73.36,69.31,269424,2086406048.0,5.47,-6.46,-4.79,1.89
2022-03-16,600309,70.66,72.08,72.51,67.26,280958,2146713536.0,7.57,4.0,2.77,1.97
2022-03-17,600309,73.26,74.3,75.64,72.86,253459,2045119104.0,3.86,3.08,2.22,1.78
2022-03-18,600309,74.74,74.88,75.57,72.89,155146,1252171216.0,3.61,0.78,0.58,1.09
2022-03-21,600309,74.89,73.51,74.94,72.1,171204,1364555296.0,3.79,-1.83,-1.37,1.2
2022-03-22,600309,73.53,72.8,75.35,72.56,127256,1014713520.0,3.8,-0.97,-0.71,0.89
2022-03-23,600309,72.66,73.86,74.34,72.63,123001,981657600.0,2.35,1.46,1.06,0.39
2022-03-24,600309,73.74,73.85,74.45,72.62,95711,763792944.0,2.48,-0.01,-0.01,0.3
2022-03-25,600309,72.77,71.61,74.75,71.5,120686,952428496.0,4.4,-3.03,-2.24,0.38
2022-03-28,600309,71.06,71.91,72.26,69.91,92932,719129616.0,3.28,0.42,0.3,0.3
2022-03-29,600309,71.76,71.92,72.37,70.79,85190,663519728.0,2.2,0.01,0.01,0.27
2022-03-30,600309,72.69,75.66,75.98,72.69,165094,1333166768.0,4.57,5.2,3.74,0.53
2022-03-31,600309,75.16,74.65,75.62,74.11,76965,623029776.0,2.0,-1.33,-1.01,0.25
2022-04-01,600309,74.42,79.79,81.2,73.96,312128,2654763744.0,9.7,6.89,5.14,0.99
2022-04-06,600309,79.14,80.44,81.48,78.84,175052,1518006096.0,3.31,0.81,0.65,0.56
2022-04-07,600309,79.36,81.36,82.98,79.35,189296,1667539552.0,4.51,1.14,0.92,0.6
2022-04-08,600309,80.66,82.28,82.95,80.66,168421,1484911232.0,2.81,1.13,0.92,0.54
2022-04-11,600309,82.28,81.98,83.05,81.26,149863,1325241488.0,2.18,-0.36,-0.3,0.48
2022-04-12,600309,81.25,80.76,82.13,78.66,125885,1094274032.0,4.23,-1.49,-1.22,0.4
2022-04-13,600309,80.73,80.36,81.51,79.82,83577,725566112.0,2.09,-0.5,-0.4,0.27
2022-04-14,600309,80.64,80.36,82.03,80.11,98622,860160160.0,2.39,0.0,0.0,0.31
2022-04-15,600309,81.06,78.41,81.06,78.29,114082,972974688.0,3.45,-2.43,-1.95,0.36
2022-04-18,600309,77.76,77.55,78.31,77.16,72765,609949824.0,1.47,-1.1,-0.86,0.23
2022-04-19,600309,77.16,76.3,78.06,75.21,119384,986425104.0,3.68,-1.61,-1.25,0.38
2022-04-20,600309,76.45,74.09,76.96,73.76,110381,893680144.0,4.19,-2.9,-2.21,0.35
2022-04-21,600309,73.76,73.76,74.96,73.37,106085,852150336.0,2.15,-0.45,-0.33,0.34
2022-04-22,600309,73.47,73.57,73.88,71.99,124812,989744576.0,2.56,-0.26,-0.19,0.4
2022-04-25,600309,73.06,69.28,73.25,69.28,153877,1190376992.0,5.4,-5.83,-4.29,0.49
2022-04-26,600309,68.78,71.06,72.1,67.51,199096,1524199536.0,6.63,2.57,1.78,0.63
2022-04-27,600309,70.47,72.54,73.18,70.46,180277,1408029824.0,3.83,2.08,1.48,0.57
2022-04-28,600309,72.46,73.73,73.82,71.56,134342,1059221008.0,3.12,1.64,1.19,0.43
2022-04-29,600309,74.26,74.11,75.63,72.48,131075,1018552896.0,4.27,0.52,0.38,0.42
2022-05-05,600309,75.71,77.95,78.85,74.89,201543,1634436992.0,5.34,5.18,3.84,0.64
2022-05-06,600309,77.04,75.76,77.1,75.08,107685,860714640.0,2.59,-2.81,-2.19,0.34
2022-05-09,600309,75.16,75.06,75.81,74.06,74033,581047712.0,2.31,-0.92,-0.7,0.24
2022-05-10,600309,74.56,74.22,75.53,72.37,117496,912858800.0,4.21,-1.12,-0.84,0.37
2022-05-11,600309,74.25,78.37,79.42,74.25,222282,1818666688.0,6.97,5.59,4.15,0.71
2022-05-12,600309,78.25,78.61,80.34,77.78,109192,904885680.0,3.27,0.31,0.24,0.35
2022-05-13,600309,79.94,78.25,79.95,77.57,66154,543561888.0,3.03,-0.46,-0.36,0.21
2022-05-16,600309,78.9,78.06,80.52,78.06,82654,683970704.0,3.14,-0.24,-0.19,0.26
2022-05-17,600309,78.76,78.69,79.16,77.29,65955,541004000.0,2.4,0.81,0.63,0.21
2022-05-18,600309,78.86,79.64,80.06,78.06,81717,677244368.0,2.54,1.21,0.95,0.26
2022-05-19,600309,78.35,77.66,78.56,76.76,93460,759623440.0,2.26,-2.49,-1.98,0.3
2022-05-20,600309,78.24,80.44,80.74,77.83,150347,1258763952.0,3.75,3.58,2.78,0.48
2022-05-23,600309,80.44,79.41,80.7,78.76,72762,605507664.0,2.41,-1.28,-1.03,0.23
2022-05-24,600309,79.3,78.29,81.01,78.22,82424,685714208.0,3.51,-1.41,-1.12,0.26
2022-05-25,600309,79.31,78.57,79.44,77.84,61039,502538848.0,2.04,0.36,0.28,0.19
2022-05-26,600309,78.76,79.36,80.26,77.66,75126,621218320.0,3.31,1.01,0.79,0.24
2022-05-27,600309,80.25,79.77,81.63,79.45,113281,956952720.0,2.75,0.52,0.41,0.36
2022-05-30,600309,80.36,81.6,81.94,79.98,112072,954927776.0,2.46,2.29,1.83,0.36
2022-05-31,600309,81.26,80.38,81.26,79.71,148226,1247287168.0,1.9,-1.5,-1.22,0.47
2022-06-01,600309,80.96,79.58,80.96,78.94,92332,767780208.0,2.51,-1.0,-0.8,0.29
2022-06-02,600309,79.03,77.96,79.08,77.54,116574,951593536.0,1.94,-2.04,-1.62,0.37
2022-06-06,600309,77.96,79.27,79.55,76.62,132900,1088615952.0,3.76,1.68,1.31,0.42
2022-06-07,600309,78.5,80.26,80.56,78.42,165485,1382876768.0,2.7,1.25,0.99,0.53
2022-06-08,600309,80.76,80.85,81.59,79.87,149625,1264484352.0,2.14,0.74,0.59,0.48
2022-06-09,600309,80.6,82.03,83.65,80.6,211650,1824953616.0,3.77,1.46,1.18,0.67
2022-06-10,600309,81.5,83.68,83.94,81.1,208173,1801443584.0,3.46,2.01,1.65,0.66
2022-06-13,600309,82.37,81.27,83.46,80.86,154943,1320672016.0,3.11,-2.88,-2.41,0.49
2022-06-14,600309,80.27,82.66,82.99,80.27,131406,1124594464.0,3.35,1.71,1.39,0.42
2022-06-15,600309,83.27,88.45,90.88,83.27,423957,3903095984.0,9.21,7.0,5.79,1.35
2022-06-16,600309,89.75,86.51,90.76,86.36,184780,1695664192.0,4.97,-2.19,-1.94,0.59
2022-06-17,600309,86.26,91.42,92.2,86.26,236478,2222761280.0,6.87,5.68,4.91,0.75
2022-06-20,600309,92.57,89.26,92.76,88.89,184550,1728418000.0,4.23,-2.36,-2.16,0.59
2022-06-21,600309,88.76,89.36,90.36,88.62,117459,1096153536.0,1.95,0.11,0.1,0.37
2022-06-22,600309,89.36,87.28,90.12,87.17,121121,1109643776.0,3.3,-2.33,-2.08,0.39
2022-06-23,600309,87.73,88.13,88.93,86.86,92242,845096352.0,2.37,0.97,0.85,0.29
2022-06-24,600309,88.64,89.68,89.69,87.94,139507,1292832960.0,1.99,1.76,1.55,0.44
2022-06-27,600309,90.06,91.91,93.06,89.32,162994,1556562064.0,4.17,2.49,2.23,0.52
2022-06-28,600309,92.22,91.1,92.22,89.36,120898,1137129584.0,3.11,-0.88,-0.81,0.39
2022-06-29,600309,89.76,90.73,91.86,89.33,142693,1350043888.0,2.78,-0.41,-0.37,0.45
2022-06-30,600309,90.76,93.25,94.56,90.27,170795,1655687616.0,4.73,2.78,2.52,0.54
2022-07-01,600309,93.76,92.85,94.92,92.51,97763,953346688.0,2.58,-0.43,-0.4,0.31
2022-07-04,600309,92.31,92.46,93.14,91.35,106752,1025036608.0,1.93,-0.42,-0.39,0.34
2022-07-05,600309,93.06,93.0,94.85,90.66,112654,1081852656.0,4.53,0.58,0.54,0.36
2022-07-06,600309,92.37,89.86,92.37,88.93,168589,1575499264.0,3.7,-3.38,-3.14,0.54
2022-07-07,600309,89.26,90.22,91.22,89.16,88923,835799184.0,2.29,0.4,0.36,0.28
2022-07-08,600309,91.14,90.56,91.85,90.44,67253,637070864.0,1.56,0.38,0.34,0.21
2022-07-11,600309,90.27,88.04,90.55,87.16,112828,1034909664.0,3.74,-2.78,-2.52,0.36
2022-07-12,600309,87.48,88.77,90.11,87.48,82826,766166675.0,2.99,0.83,0.73,0.26
2022-07-13,600309,88.56,88.76,89.5,88.26,65879,609173053.0,1.4,-0.01,-0.01,0.21
2022-07-14,600309,88.74,87.75,88.74,86.94,68857,629002130.0,2.03,-1.14,-1.01,0.22
2022-07-15,600309,87.16,86.07,89.58,86.01,137446,1252901477.0,4.07,-1.91,-1.68,0.44
2022-07-18,600309,86.16,88.43,88.91,85.96,88047,806814943.0,3.43,2.74,2.36,0.28
2022-07-19,600309,88.61,87.17,88.9,86.16,99796,904676666.0,3.1,-1.42,-1.26,0.32
2022-07-20,600309,87.63,85.75,87.63,85.56,148710,1335607519.0,2.37,-1.63,-1.42,0.47
2022-07-21,600309,85.75,83.66,86.27,83.46,164800,1451445780.0,3.28,-2.44,-2.09,0.52
2022-07-22,600309,84.26,83.05,84.86,82.52,127754,1113118212.0,2.8,-0.73,-0.61,0.41
2022-07-25,600309,82.94,82.51,83.33,82.29,62458,540035255.0,1.25,-0.65,-0.54,0.2
2022-07-26,600309,83.16,83.02,83.64,82.76,56724,492918126.0,1.07,0.62,0.51,0.18
2022-07-27,600309,83.02,81.51,83.24,81.09,102206,871529998.0,2.59,-1.82,-1.51,0.33
2022-07-28,600309,81.54,81.41,83.15,81.3,103329,886336730.0,2.27,-0.12,-0.1,0.33
2022-07-29,600309,82.16,79.96,82.73,79.13,148112,1244753862.0,4.42,-1.78,-1.45,0.47
2022-08-01,600309,79.96,78.33,79.96,76.94,195241,1594145020.0,3.78,-2.04,-1.63,0.62
2022-08-02,600309,78.16,77.26,78.16,76.26,130161,1053055403.0,2.43,-1.37,-1.07,0.41
2022-08-03,600309,77.25,77.06,78.92,76.53,117750,954401719.0,3.09,-0.26,-0.2,0.38
2022-08-04,600309,77.26,76.95,77.93,76.47,116435,940960011.0,1.89,-0.14,-0.11,0.37
2022-08-05,600309,76.94,78.58,78.78,76.76,86584,707062007.0,2.63,2.12,1.63,0.28
2022-08-08,600309,78.76,77.98,78.81,76.94,105330,858499158.0,2.38,-0.76,-0.6,0.34
2022-08-09,600309,77.98,77.88,78.92,77.47,79954,655117963.0,1.86,-0.13,-0.1,0.25
2022-08-10,600309,77.96,78.07,78.89,77.26,95403,780352133.0,2.09,0.24,0.19,0.3
2022-08-11,600309,78.07,79.6,79.79,77.26,122213,1011066666.0,3.24,1.96,1.53,0.39
2022-08-12,600309,79.74,84.13,85.02,78.76,293465,2526324757.0,7.86,5.69,4.53,0.93
2022-08-15,600309,83.95,84.31,85.24,83.26,182572,1607588218.0,2.35,0.21,0.18,0.58
2022-08-16,600309,84.94,82.65,85.0,82.38,138205,1200878047.0,3.11,-1.97,-1.66,0.44
2022-08-17,600309,82.46,82.26,83.14,81.18,94366,810351507.0,2.37,-0.47,-0.39,0.3
2022-08-18,600309,82.51,81.25,83.01,80.94,89799,767175773.0,2.52,-1.23,-1.01,0.29
2022-08-19,600309,80.58,81.14,82.24,80.58,65013,554120002.0,2.04,-0.14,-0.11,0.21
2022-08-22,600309,80.86,85.62,85.92,80.78,192276,1696775567.0,6.33,5.52,4.48,0.61
2022-08-23,600309,86.17,87.14,88.08,84.36,189970,1716739597.0,4.34,1.78,1.52,0.61
2022-08-24,600309,87.0,85.26,88.86,84.94,130734,1179939117.0,4.5,-2.16,-1.88,0.42
2022-08-25,600309,85.77,85.75,86.1,83.26,119050,1055025433.0,3.33,0.57,0.49,0.38
2022-08-26,600309,86.07,84.93,86.26,84.26,99394,883773828.0,2.33,-0.96,-0.82,0.32
2022-08-29,600309,84.04,84.06,85.45,83.17,164821,1444580583.0,2.68,-1.02,-0.87,0.52
2022-08-30,600309,83.75,84.71,85.14,82.37,124324,1088151998.0,3.3,0.77,0.65,0.4
2022-08-31,600309,83.27,84.83,87.14,83.15,178618,1589016590.0,4.71,0.14,0.12,0.57
2022-09-01,600309,84.86,84.37,85.73,84.04,88193,781522312.0,1.99,-0.54,-0.46,0.28
2022-09-02,600309,84.52,83.21,84.84,82.76,79980,698714895.0,2.47,-1.37,-1.16,0.25
2022-09-05,600309,83.92,84.91,86.26,83.77,122136,1079626572.0,2.99,2.04,1.7,0.39
2022-09-06,600309,86.14,87.76,89.04,85.47,193506,1773013205.0,4.2,3.36,2.85,0.62
2022-09-07,600309,87.46,86.78,88.81,86.28,126221,1150881747.0,2.88,-1.12,-0.98,0.4
2022-09-08,600309,87.26,88.27,88.87,85.97,129152,1185617548.0,3.34,1.72,1.49,0.41
2022-09-09,600309,88.59,91.87,92.42,87.94,222659,2111686329.0,5.08,4.08,3.6,0.71
2022-09-13,600309,91.84,89.26,91.87,88.89,176571,1657007306.0,3.24,-2.84,-2.61,0.56
2022-09-14,600309,88.19,87.62,88.96,87.05,127334,1164987814.0,2.14,-1.84,-1.64,0.41
2022-09-15,600309,87.61,87.76,89.83,87.41,123090,1135770388.0,2.76,0.16,0.14,0.39
2022-09-16,600309,87.4,86.64,88.06,86.36,108719,987074637.0,1.94,-1.28,-1.12,0.35
2022-09-19,600309,87.14,87.62,89.21,85.76,104450,957107027.0,3.98,1.13,0.98,0.33
2022-09-20,600309,87.56,85.81,88.26,85.27,93643,842371230.0,3.41,-2.07,-1.81,0.3
2022-09-21,600309,85.26,84.2,86.36,84.0,152845,1354408021.0,2.75,-1.88,-1.61,0.49
2022-09-22,600309,83.66,84.31,85.21,83.36,90629,797862243.0,2.2,0.13,0.11,0.29
2022-09-23,600309,84.3,84.02,85.1,82.66,81462,714058087.0,2.89,-0.34,-0.29,0.26
2022-09-26,600309,83.25,83.54,84.94,83.06,75487,661704418.0,2.24,-0.57,-0.48,0.24
2022-09-27,600309,83.56,83.92,84.21,82.66,83393,727065613.0,1.86,0.45,0.38,0.27
2022-09-28,600309,85.14,83.34,86.13,83.06,106505,935462391.0,3.66,-0.69,-0.58,0.34
2022-09-29,600309,84.45,85.75,86.73,84.06,132141,1180901616.0,3.2,2.89,2.41,0.42
2022-09-30,600309,86.79,88.36,89.53,86.34,152911,1406135800.0,3.72,3.04,2.61,0.49
2022-10-10,600309,88.31,86.19,88.31,84.13,115885,1041592071.0,4.73,-2.46,-2.17,0.37
2022-10-11,600309,85.31,89.03,89.54,85.26,130021,1187887660.0,4.97,3.3,2.84,0.41
2022-10-12,600309,88.92,90.46,91.09,86.89,155629,1445915841.0,4.72,1.61,1.43,0.5
2022-10-13,600309,89.25,89.25,90.04,87.76,108579,1003640185.0,2.52,-1.34,-1.21,0.35
2022-10-14,600309,90.01,88.67,90.26,88.52,93151,866729820.0,1.95,-0.65,-0.58,0.3
2022-10-17,600309,88.61,88.95,89.54,87.96,66833,618087128.0,1.78,0.32,0.28,0.21
2022-10-18,600309,88.43,87.16,90.22,86.97,121894,1114808316.0,3.65,-2.01,-1.79,0.39
2022-10-19,600309,87.15,81.77,88.04,81.44,239366,2091522602.0,7.57,-6.18,-5.39,0.76
2022-10-20,600309,81.26,82.92,84.37,80.78,166230,1435878352.0,4.39,1.41,1.15,0.53
2022-10-21,600309,82.92,82.68,83.93,81.92,93149,804813591.0,2.42,-0.29,-0.24,0.3
2022-10-24,600309,82.25,82.31,83.76,81.15,146834,1257651609.0,3.16,-0.45,-0.37,0.47
2022-10-25,600309,78.01,79.76,81.16,77.26,215461,1796945820.0,4.74,-3.1,-2.55,0.69
2022-10-26,600309,79.64,78.62,80.2,78.26,162074,1344360272.0,2.43,-1.43,-1.14,0.52
2022-10-27,600309,78.34,79.39,80.41,78.34,121248,1008993052.0,2.63,0.98,0.77,0.39
2022-10-28,600309,79.46,78.46,81.14,78.28,116628,972413455.0,3.6,-1.17,-0.93,0.37
2022-10-31,600309,77.81,76.62,78.91,76.26,142234,1149969188.0,3.38,-2.35,-1.84,0.45
2022-11-01,600309,76.26,77.81,77.81,74.21,179133,1434841402.0,4.7,1.55,1.19,0.57
2022-11-02,600309,77.1,78.05,78.72,76.26,139612,1134365045.0,3.16,0.31,0.24,0.44
2022-11-03,600309,78.65,77.76,78.74,76.86,105483,857772244.0,2.41,-0.37,-0.29,0.34
2022-11-04,600309,77.26,78.67,79.37,77.06,138320,1137325811.0,2.97,1.17,0.91,0.44
2022-11-07,600309,78.26,79.11,79.76,77.71,113287,938217030.0,2.61,0.56,0.44,0.36
2022-11-08,600309,79.32,78.43,79.76,77.66,86197,706409549.0,2.65,-0.86,-0.68,0.27
2022-11-09,600309,78.5,78.58,79.16,78.26,68048,560433451.0,1.15,0.19,0.15,0.22
2022-11-10,600309,78.18,77.84,78.35,77.18,64345,523332926.0,1.49,-0.94,-0.74,0.2
2022-11-11,600309,79.42,82.74,83.5,79.07,211948,1801229665.0,5.69,6.29,4.9,0.68
2022-11-14,600309,83.66,84.91,86.25,83.46,192417,1711832206.0,3.37,2.62,2.17,0.61
2022-11-15,600309,84.86,85.45,85.74,82.94,122273,1079307518.0,3.3,0.64,0.54,0.39
2022-11-16,600309,85.25,84.61,86.21,84.36,79946,711602655.0,2.17,-0.98,-0.84,0.25
2022-11-17,600309,84.47,84.94,85.25,83.53,69226,609368859.0,2.03,0.39,0.33,0.22
2022-11-18,600309,85.13,85.26,85.82,84.54,75622,674030403.0,1.51,0.38,0.32,0.24
2022-11-21,600309,84.36,82.71,84.36,81.67,102854,886034749.0,3.16,-2.99,-2.55,0.33
2022-11-22,600309,83.21,83.76,84.54,82.72,82348,719951507.0,2.2,1.27,1.05,0.26
2022-11-23,600309,84.04,82.75,84.34,82.68,61432,534657354.0,1.98,-1.21,-1.01,0.2
2022-11-24,600309,82.87,82.78,84.18,82.27,66938,580519787.0,2.31,0.04,0.03,0.21
2022-11-25,600309,82.76,84.16,85.37,82.41,107631,949366325.0,3.58,1.67,1.38,0.34
2022-11-28,600309,82.29,83.25,84.16,81.37,101274,874649020.0,3.32,-1.08,-0.91,0.32
2022-11-29,600309,84.26,87.18,87.26,83.67,163514,1472235157.0,4.31,4.72,3.93,0.52
2022-11-30,600309,86.03,85.76,86.96,84.4,127007,1131337744.0,2.94,-1.63,-1.42,0.4
2022-12-01,600309,86.26,86.71,89.36,85.97,125211,1141576277.0,3.95,1.11,0.95,0.4
2022-12-02,600309,86.91,86.2,86.91,85.66,67709,608267485.0,1.44,-0.59,-0.51,0.22
2022-12-05,600309,87.94,87.46,88.51,86.14,101392,926783428.0,2.75,1.46,1.26,0.32
2022-12-06,600309,86.76,89.14,89.37,86.64,138663,1282345860.0,3.12,1.92,1.68,0.44
2022-12-07,600309,89.06,88.89,89.54,88.24,98225,910403612.0,1.46,-0.28,-0.25,0.31
2022-12-08,600309,88.77,88.7,89.42,87.92,87635,810344150.0,1.69,-0.21,-0.19,0.28
2022-12-09,600309,88.66,89.66,89.92,88.26,176614,1638528878.0,1.87,1.08,0.96,0.56
2022-12-12,600309,88.76,87.07,89.41,86.93,131045,1200724655.0,2.77,-2.89,-2.59,0.42
2022-12-13,600309,87.07,87.41,88.04,86.26,79597,724347322.0,2.04,0.39,0.34,0.25
2022-12-14,600309,87.74,88.06,88.36,86.93,59314,542887626.0,1.64,0.74,0.65,0.19
2022-12-15,600309,88.07,87.52,88.07,86.66,72143,655841375.0,1.6,-0.61,-0.54,0.23
2022-12-16,600309,87.3,87.66,88.1,87.08,67525,616269484.0,1.17,0.16,0.14,0.22
2022-12-19,600309,88.09,86.99,88.25,86.42,97145,881210259.0,2.09,-0.76,-0.67,0.31
2022-12-20,600309,86.27,85.87,87.36,85.56,75882,682533830.0,2.07,-1.29,-1.12,0.24
2022-12-21,600309,86.66,86.11,86.66,85.28,58908,528111626.0,1.61,0.28,0.24,0.19
2022-12-22,600309,86.94,87.83,88.41,86.34,101540,930728263.0,2.4,2.0,1.72,0.32
2022-12-23,600309,88.2,85.07,88.2,84.36,97505,875344562.0,4.37,-3.14,-2.76,0.31
2022-12-26,600309,85.47,86.54,87.56,84.27,83705,754253819.0,3.87,1.73,1.47,0.27
2022-12-27,600309,87.54,88.1,88.38,86.79,75299,689645344.0,1.84,1.8,1.56,0.24
2022-12-28,600309,87.51,89.12,89.59,87.48,86327,801402701.0,2.4,1.16,1.02,0.27
2022-12-29,600309,88.41,89.17,89.31,87.94,79152,732743497.0,1.54,0.06,0.05,0.25
2022-12-30,600309,89.39,88.91,89.94,88.83,84235,784651381.0,1.24,-0.29,-0.26,0.27
2023-01-03,600309,88.26,88.66,89.15,87.56,94489,870562092.0,1.79,-0.28,-0.25,0.3
2023-01-04,600309,88.86,88.71,89.44,88.46,67351,624190771.0,1.11,0.06,0.05,0.21
2023-01-05,600309,89.76,89.16,89.81,88.94,66736,620378248.0,0.98,0.51,0.45,0.21
2023-01-06,600309,88.92,89.94,90.66,88.92,93806,880537114.0,1.95,0.87,0.78,0.3
2023-01-09,600309,90.06,89.37,92.14,89.26,105348,990599704.0,3.2,-0.63,-0.57,0.34
2023-01-10,600309,89.49,87.16,89.65,86.33,125571,1143545146.0,3.71,-2.47,-2.21,0.4
2023-01-11,600309,87.33,86.73,88.21,86.51,76591,696714660.0,1.95,-0.49,-0.43,0.24
2023-01-12,600309,87.25,87.46,87.92,86.77,52959,482791947.0,1.33,0.84,0.73,0.17
2023-01-13,600309,88.17,89.59,89.6,87.61,70400,652874292.0,2.28,2.44,2.13,0.22
2023-01-16,600309,89.3,91.72,92.17,88.96,126589,1203111182.0,3.58,2.38,2.13,0.4
2023-01-17,600309,92.1,91.91,92.65,91.26,81315,778385840.0,1.52,0.21,0.19,0.26
2023-01-18,600309,92.24,91.19,92.76,90.86,59231,563982860.0,2.07,-0.78,-0.72,0.19
2023-01-19,600309,91.47,92.11,92.16,90.46,89974,856238862.0,1.86,1.01,0.92,0.29
2023-01-20,600309,92.74,91.18,92.74,90.85,90780,864963277.0,2.05,-1.01,-0.93,0.29
2023-01-30,600309,93.7,94.13,94.86,91.96,157534,1541765263.0,3.18,3.24,2.95,0.5
2023-01-31,600309,94.94,92.87,95.06,92.66,115907,1128492621.0,2.55,-1.34,-1.26,0.37
2023-02-01,600309,93.24,93.21,93.56,91.87,95033,918195648.0,1.82,0.37,0.34,0.3
2023-02-02,600309,93.22,96.3,96.56,92.04,207344,2038331869.0,4.85,3.32,3.09,0.66
2023-02-03,600309,95.26,96.24,96.52,94.17,183163,1821047392.0,2.44,-0.06,-0.06,0.58
2023-02-06,600309,95.56,95.45,95.74,93.12,142930,1406459911.0,2.72,-0.82,-0.79,0.46
2023-02-07,600309,95.04,94.3,95.19,93.62,77759,763553295.0,1.64,-1.2,-1.15,0.25
2023-02-08,600309,94.06,93.52,95.26,93.26,103213,1010857473.0,2.12,-0.83,-0.78,0.33
2023-02-09,600309,93.26,93.74,94.16,92.91,90776,882926036.0,1.34,0.24,0.22,0.29
2023-02-10,600309,93.68,94.25,94.76,93.34,80099,784231808.0,1.51,0.54,0.51,0.26
2023-02-13,600309,93.37,94.23,94.66,93.28,94457,924478699.0,1.46,-0.02,-0.02,0.3
2023-02-14,600309,93.06,96.26,96.58,92.5,143878,1429769441.0,4.33,2.15,2.03,0.46
2023-02-15,600309,96.26,95.67,97.04,95.14,57900,576116664.0,1.97,-0.61,-0.59,0.18
2023-02-16,600309,96.24,95.26,97.06,94.76,78569,784878548.0,2.4,-0.43,-0.41,0.25
2023-02-17,600309,95.46,97.87,99.44,95.46,189711,1937306767.0,4.18,2.74,2.61,0.6
2023-02-20,600309,97.97,100.27,100.73,96.84,157291,1617455523.0,3.97,2.45,2.4,0.5
2023-02-21,600309,100.22,103.06,104.26,99.67,160754,1707444906.0,4.58,2.78,2.79,0.51
2023-02-22,600309,102.27,99.46,103.52,99.24,150165,1570391079.0,4.15,-3.49,-3.6,0.48
2023-02-23,600309,99.36,98.95,100.69,98.07,113987,1170015546.0,2.63,-0.51,-0.51,0.36
2023-02-24,600309,98.4,98.0,99.54,97.76,83447,851866473.0,1.8,-0.96,-0.95,0.27
2023-02-27,600309,97.59,99.11,101.24,97.34,146275,1512807647.0,3.98,1.13,1.11,0.47
2023-02-28,600309,99.71,100.52,101.16,98.82,120780,1256359946.0,2.36,1.42,1.41,0.38
2023-03-01,600309,100.46,99.47,102.04,98.84,123237,1283418236.0,3.18,-1.04,-1.05,0.39
2023-03-02,600309,99.43,102.59,103.41,99.27,135221,1430111278.0,4.16,3.14,3.12,0.43
2023-03-03,600309,101.76,102.27,103.26,101.55,81164,860814543.0,1.67,-0.31,-0.32,0.26
2023-03-06,600309,101.26,100.36,102.26,99.83,107824,1125203586.0,2.38,-1.87,-1.91,0.34
2023-03-07,600309,100.15,98.91,101.24,98.57,86129,892923238.0,2.66,-1.44,-1.45,0.27
2023-03-08,600309,98.46,97.25,98.84,96.7,112912,1142112156.0,2.16,-1.68,-1.66,0.36
2023-03-09,600309,96.94,95.35,97.76,94.87,134120,1333148813.0,2.97,-1.95,-1.9,0.43
2023-03-10,600309,94.96,94.5,96.25,94.36,99602,984615223.0,1.98,-0.89,-0.85,0.32
2023-03-13,600309,95.16,95.26,97.64,94.86,89229,889252537.0,2.94,0.8,0.76,0.28
2023-03-14,600309,95.14,94.47,95.25,93.06,73614,719489519.0,2.3,-0.83,-0.79,0.23
2023-03-15,600309,96.35,93.98,96.76,93.95,71496,703509356.0,2.97,-0.52,-0.49,0.23
2023-03-16,600309,93.76,93.01,94.49,92.76,102665,998265774.0,1.84,-1.03,-0.97,0.33
2023-03-17,600309,94.54,93.68,95.94,93.27,100549,990066819.0,2.87,0.72,0.67,0.32
2023-03-20,600309,94.16,93.34,95.76,93.17,109238,1069681583.0,2.76,-0.36,-0.34,0.35
2023-03-21,600309,93.13,94.28,95.16,92.81,82920,813877705.0,2.52,1.01,0.94,0.26
2023-03-22,600309,94.48,94.11,95.98,93.76,78276,771619807.0,2.35,-0.18,-0.17,0.25
2023-03-23,600309,94.12,93.37,94.36,92.76,78148,758783849.0,1.7,-0.79,-0.74,0.25
2023-03-24,600309,92.83,91.86,93.27,90.54,126104,1207404945.0,2.92,-1.62,-1.51,0.4
2023-03-27,600309,92.06,91.14,93.12,90.76,121703,1158057272.0,2.57,-0.78,-0.72,0.39
2023-03-28,600309,92.76,92.11,94.83,90.89,147250,1414476715.0,4.32,1.06,0.97,0.47
2023-03-29,600309,93.26,91.24,93.99,90.94,79821,763894907.0,3.31,-0.94,-0.87,0.25
2023-03-30,600309,91.14,92.69,92.76,90.26,87615,834820824.0,2.74,1.59,1.45,0.28
2023-03-31,600309,92.86,92.14,94.23,91.71,109079,1054051889.0,2.72,-0.59,-0.55,0.35
2023-04-03,600309,92.62,92.08,92.92,91.14,93115,889673007.0,1.93,-0.07,-0.06,0.3
2023-04-04,600309,92.14,91.24,92.26,90.76,83804,795858029.0,1.63,-0.91,-0.84,0.27
2023-04-06,600309,90.92,90.27,90.98,89.37,67564,634368638.0,1.76,-1.06,-0.97,0.22
2023-04-07,600309,90.14,91.22,91.75,89.76,56831,537955400.0,2.2,1.05,0.95,0.18
2023-04-10,600309,91.26,89.86,91.38,89.59,81538,764445338.0,1.96,-1.49,-1.36,0.26
2023-04-11,600309,89.86,89.52,90.86,89.52,73271,686737868.0,1.49,-0.38,-0.34,0.23
2023-04-12,600309,89.64,88.38,89.94,87.87,101386,934937366.0,2.31,-1.27,-1.14,0.32
2023-04-13,600309,88.38,88.18,88.67,87.06,80212,734194962.0,1.82,-0.23,-0.2,0.26
2023-04-14,600309,88.24,88.24,89.14,87.49,73791,679946879.0,1.87,0.07,0.06,0.24
2023-04-17,600309,88.76,93.53,93.62,88.76,200460,1933439488.0,5.51,6.0,5.29,0.64
2023-04-18,600309,92.92,94.39,94.64,92.84,113654,1109887419.0,1.92,0.92,0.86,0.36
2023-04-19,600309,94.46,92.67,94.46,92.46,69587,673167240.0,2.12,-1.82,-1.72,0.22
2023-04-20,600309,92.7,90.86,92.98,90.66,96782,921319551.0,2.5,-1.95,-1.81,0.31
2023-04-21,600309,90.86,88.74,91.11,88.61,86335,806831546.0,2.75,-2.33,-2.12,0.27
2023-04-24,600309,89.68,87.0,89.76,86.83,91393,833482623.0,3.3,-1.96,-1.74,0.29
2023-04-25,600309,87.03,90.51,90.84,87.03,148933,1391737064.0,4.38,4.03,3.51,0.47
2023-04-26,600309,90.56,87.99,90.61,87.96,76319,705857974.0,2.93,-2.78,-2.52,0.24
2023-04-27,600309,88.0,89.76,90.54,87.38,75369,697973092.0,3.59,2.01,1.77,0.24
2023-04-28,600309,89.18,88.44,90.43,88.1,67492,624692499.0,2.6,-1.47,-1.32,0.21
2023-05-04,600309,88.15,86.31,88.44,85.79,156440,1410890711.0,3.0,-2.41,-2.13,0.5
2023-05-05,600309,86.47,86.37,86.76,83.95,128221,1142238555.0,3.26,0.07,0.06,0.41
2023-05-08,600309,86.15,85.67,86.81,84.55,106549,950555362.0,2.62,-0.81,-0.7,0.34
2023-05-09,600309,85.76,86.01,87.36,84.98,84700,764127991.0,2.78,0.4,0.34,0.27
2023-05-10,600309,86.06,86.15,87.86,86.01,67093,609308099.0,2.15,0.16,0.14,0.21
2023-05-11,600309,86.25,85.26,86.37,84.56,54143,481749266.0,2.1,-1.03,-0.89,0.17
2023-05-12,600309,85.25,84.01,86.09,83.68,83175,732838419.0,2.83,-1.47,-1.25,0.26
2023-05-15,600309,83.48,84.81,85.03,82.79,74198,650150114.0,2.67,0.95,0.8,0.24
2023-05-16,600309,85.41,84.84,85.56,84.46,52948,469548016.0,1.3,0.04,0.03,0.17
2023-05-17,600309,84.69,83.75,85.26,83.62,56876,501499575.0,1.93,-1.28,-1.09,0.18
2023-05-18,600309,83.8,83.37,84.31,82.86,61389,534488260.0,1.73,-0.45,-0.38,0.2
2023-05-19,600309,83.07,83.26,84.26,82.16,69253,601312337.0,2.52,-0.13,-0.11,0.22
2023-05-22,600309,84.22,85.16,85.35,83.16,59320,524286759.0,2.63,2.28,1.9,0.19
2023-05-23,600309,85.44,84.06,85.44,84.06,43185,381394463.0,1.62,-1.29,-1.1,0.14
2023-05-24,600309,84.07,83.97,85.36,83.24,91372,807959202.0,2.52,-0.11,-0.09,0.29
2023-05-25,600309,83.46,82.98,84.01,82.58,60242,523201223.0,1.7,-1.18,-0.99,0.19
2023-05-26,600309,83.83,84.13,84.43,83.06,44429,382088550.0,1.65,1.39,1.15,0.14
2023-05-29,600309,84.13,81.57,85.11,81.38,148619,1252741620.0,4.43,-3.04,-2.56,0.47
2023-05-30,600309,81.93,80.94,82.52,79.97,91450,758890814.0,3.13,-0.77,-0.63,0.29
2023-05-31,600309,80.94,80.12,81.45,79.41,131240,1078860037.0,2.52,-1.01,-0.82,0.42
2023-06-01,600309,80.13,80.06,82.28,79.95,108337,899508058.0,2.91,-0.07,-0.06,0.35
2023-06-02,600309,80.36,82.3,83.01,80.28,128837,1082036841.0,3.41,2.8,2.24,0.41
2023-06-05,600309,82.54,82.36,82.86,81.44,56895,479815411.0,1.73,0.07,0.06,0.18
2023-06-06,600309,81.87,83.62,85.32,81.86,123477,1064645045.0,4.2,1.53,1.26,0.39
2023-06-07,600309,83.92,82.66,85.11,82.66,68162,584353690.0,2.93,-1.15,-0.96,0.22
2023-06-08,600309,83.47,84.83,85.02,82.86,81554,705619552.0,2.61,2.63,2.17,0.26
2023-06-09,600309,85.66,85.21,86.22,84.25,96883,845356796.0,2.32,0.45,0.38,0.31
2023-06-12,600309,85.21,86.51,87.46,84.77,91422,809565890.0,3.16,1.53,1.3,0.29
2023-06-13,600309,86.36,87.48,87.8,86.06,87483,781709451.0,2.01,1.12,0.97,0.28
2023-06-14,600309,87.74,88.32,90.16,87.61,104759,954543608.0,2.91,0.96,0.84,0.33
2023-06-15,600309,88.4,89.46,89.63,87.69,73846,671131632.0,2.2,1.29,1.14,0.24
2023-06-16,600309,89.45,89.15,90.29,88.73,77673,710765618.0,1.74,-0.35,-0.31,0.25
2023-06-19,600309,89.15,89.76,90.08,88.71,78072,715568458.0,1.54,0.68,0.61,0.25
2023-06-20,600309,89.86,88.57,91.05,88.37,86654,791381681.0,2.99,-1.33,-1.19,0.28
2023-06-21,600309,88.25,87.6,89.24,87.6,72949,658793697.0,1.85,-1.1,-0.97,0.23
2023-06-26,600309,86.36,86.69,87.34,85.62,111211,983795773.0,1.96,-1.04,-0.91,0.35
2023-06-27,600309,86.69,87.26,87.74,86.2,76263,679204239.0,1.78,0.66,0.57,0.24
2023-06-28,600309,87.33,86.61,88.01,86.09,66506,592138798.0,2.2,-0.74,-0.65,0.21
2023-06-29,600309,87.36,85.76,87.38,85.13,73393,645153341.0,2.6,-0.98,-0.85,0.23
2023-06-30,600309,85.76,85.7,86.3,85.0,67987,596963924.0,1.52,-0.07,-0.06,0.22
2023-07-03,600309,85.71,85.44,87.06,85.04,104039,914938641.0,2.36,-0.3,-0.26,0.33
2023-07-04,600309,85.54,85.26,85.82,84.64,76536,666666721.0,1.38,-0.21,-0.18,0.24
2023-07-05,600309,84.92,84.19,85.46,83.95,70324,608348041.0,1.77,-1.25,-1.07,0.22
2023-07-06,600309,84.44,83.78,84.69,83.2,71860,617453080.0,1.77,-0.49,-0.41,0.23
2023-07-07,600309,83.36,83.27,83.91,82.95,47571,406981311.0,1.15,-0.61,-0.51,0.15
2023-07-10,600309,83.27,85.16,85.81,83.02,80072,697928798.0,3.35,2.27,1.89,0.26
2023-07-11,600309,85.94,87.36,87.7,85.15,92577,822064064.0,2.99,2.58,2.2,0.29
2023-07-12,600309,87.4,88.71,89.44,86.75,112769,1024051225.0,3.08,1.55,1.35,0.36
2023-07-13,600309,89.24,89.51,89.86,88.33,89597,819490115.0,1.72,0.9,0.8,0.29
2023-07-14,600309,89.51,88.99,89.99,88.41,77318,704599160.0,1.77,-0.58,-0.52,0.25
2023-07-17,600309,89.6,88.33,89.6,86.62,63017,565481779.0,3.35,-0.74,-0.66,0.2
2023-07-18,600309,88.63,88.86,89.08,87.46,53420,484386450.0,1.83,0.6,0.53,0.17
2023-07-19,600309,88.37,89.01,89.11,88.36,49744,452574734.0,0.84,0.17,0.15,0.16
2023-07-20,600309,89.48,90.11,91.15,89.41,82318,762721467.0,1.95,1.24,1.1,0.26
2023-07-21,600309,90.13,89.47,90.45,89.08,70263,645726481.0,1.52,-0.71,-0.64,0.22
2023-07-24,600309,88.12,89.86,90.0,87.89,59064,540574181.0,2.36,0.44,0.39,0.19
2023-07-25,600309,90.76,92.74,93.34,90.76,138234,1309610811.0,2.87,3.2,2.88,0.44
2023-07-26,600309,92.74,92.86,93.16,92.23,69747,662673111.0,1.0,0.13,0.12,0.22
2023-07-27,600309,93.26,92.52,93.26,92.07,54908,520384798.0,1.28,-0.37,-0.34,0.17
2023-07-28,600309,91.87,93.57,93.92,91.84,159770,1525072523.0,2.25,1.13,1.05,0.51
2023-07-31,600309,94.66,95.62,97.64,94.66,165410,1625504945.0,3.18,2.19,2.05,0.53
2023-08-01,600309,95.06,95.46,97.06,94.76,86634,848423432.0,2.41,-0.17,-0.16,0.28
2023-08-02,600309,95.74,94.91,95.84,94.32,45314,439609428.0,1.59,-0.58,-0.55,0.14
2023-08-03,600309,95.14,94.51,95.19,93.97,56385,544737758.0,1.29,-0.42,-0.4,0.18
2023-08-04,600309,95.13,94.4,96.14,93.97,62119,602705157.0,2.3,-0.12,-0.11,0.2
2023-08-07,600309,94.61,94.8,95.04,93.87,61049,590386118.0,1.24,0.42,0.4,0.19
2023-08-08,600309,94.37,94.9,95.65,93.87,53333,516425392.0,1.88,0.11,0.1,0.17
2023-08-09,600309,94.34,94.82,95.31,94.21,45379,439596536.0,1.16,-0.08,-0.08,0.14
2023-08-10,600309,94.78,94.61,95.46,93.45,60431,584536289.0,2.12,-0.22,-0.21,0.19
2023-08-11,600309,95.08,92.86,95.09,92.86,76182,728994455.0,2.36,-1.85,-1.75,0.24
2023-08-14,600309,91.09,92.25,93.03,90.96,85773,809085468.0,2.23,-0.66,-0.61,0.27
2023-08-15,600309,92.32,92.49,92.78,91.39,50113,472995862.0,1.51,0.26,0.24,0.16
2023-08-16,600309,91.83,91.59,92.25,91.07,64256,601963178.0,1.28,-0.97,-0.9,0.2
2023-08-17,600309,91.12,91.03,91.64,90.06,73063,680168901.0,1.73,-0.61,-0.56,0.23
2023-08-18,600309,90.76,89.66,91.15,89.66,81928,756588390.0,1.64,-1.5,-1.37,0.26
2023-08-21,600309,88.87,89.35,90.79,88.66,90481,832390824.0,2.38,-0.35,-0.31,0.29
2023-08-22,600309,89.86,90.9,91.54,89.47,83047,770596295.0,2.32,1.73,1.55,0.26
2023-08-23,600309,90.56,89.32,91.27,89.02,77154,711932297.0,2.48,-1.74,-1.58,0.25
2023-08-24,600309,89.16,90.74,91.42,89.16,73104,678391860.0,2.53,1.59,1.42,0.23
2023-08-25,600309,90.08,90.66,91.54,90.01,65606,608786207.0,1.69,-0.09,-0.08,0.21
2023-08-28,600309,94.36,91.16,94.86,90.86,122226,1159563120.0,4.41,0.55,0.5,0.39
2023-08-29,600309,92.08,91.29,92.74,90.61,94656,886719882.0,2.34,0.14,0.13,0.3
2023-08-30,600309,91.76,91.51,92.83,90.87,80317,754225477.0,2.15,0.24,0.22,0.26
2023-08-31,600309,91.46,91.61,92.41,91.27,57317,537364037.0,1.25,0.11,0.1,0.18
2023-09-01,600309,91.61,94.44,94.59,91.61,101935,979085294.0,3.25,3.09,2.83,0.32
2023-09-04,600309,95.39,95.62,96.96,94.46,140068,1373996003.0,2.65,1.25,1.18,0.45
2023-09-05,600309,95.04,95.01,95.66,94.36,52703,512051476.0,1.36,-0.64,-0.61,0.17
2023-09-06,600309,94.72,94.39,95.36,94.06,45176,436963893.0,1.37,-0.65,-0.62,0.14
2023-09-07,600309,94.39,93.97,94.86,93.26,56659,545365684.0,1.7,-0.44,-0.42,0.18
2023-09-08,600309,93.94,92.41,94.05,92.11,41883,396950763.0,2.06,-1.66,-1.56,0.13
2023-09-11,600309,92.44,92.49,93.61,92.17,50715,481573157.0,1.56,0.09,0.08,0.16
2023-09-12,600309,92.41,92.17,92.99,91.98,47956,453483099.0,1.09,-0.35,-0.32,0.15
2023-09-13,600309,92.86,92.22,93.82,91.98,56656,537002580.0,2.0,0.05,0.05,0.18
2023-09-14,600309,92.95,91.87,93.05,91.44,63418,596302739.0,1.75,-0.38,-0.35,0.2
2023-09-15,600309,92.23,90.7,92.36,90.04,68808,640950770.0,2.53,-1.27,-1.17,0.22
2023-09-18,600309,90.65,90.96,91.48,89.92,57024,530348096.0,1.72,0.29,0.26,0.18
2023-09-19,600309,90.86,90.66,91.16,89.42,64230,593471478.0,1.91,-0.33,-0.3,0.2
2023-09-20,600309,90.67,89.58,90.86,89.3,44882,411860989.0,1.72,-1.19,-1.08,0.14
2023-09-21,600309,89.19,88.98,89.82,88.95,63086,577257174.0,0.97,-0.67,-0.6,0.2
2023-09-22,600309,88.87,91.05,91.09,88.58,101498,933620987.0,2.82,2.33,2.07,0.32
2023-09-25,600309,91.65,89.29,91.65,89.16,86211,792243753.0,2.73,-1.93,-1.76,0.27
2023-09-26,600309,88.66,88.98,89.54,88.66,54435,496303990.0,0.99,-0.35,-0.31,0.17
2023-09-27,600309,88.98,87.07,89.33,86.52,130436,1168081108.0,3.16,-2.15,-1.91,0.42
2023-09-28,600309,87.3,86.18,87.53,85.22,111354,983242919.0,2.65,-1.02,-0.89,0.35
2023-10-09,600309,85.86,85.76,86.41,85.36,67734,595813848.0,1.22,-0.49,-0.42,0.22
2023-10-10,600309,86.74,84.95,86.74,84.74,77824,681156760.0,2.33,-0.94,-0.81,0.25
2023-10-11,600309,86.14,85.35,86.72,85.24,84493,743459576.0,1.74,0.47,0.4,0.27
2023-10-12,600309,86.74,85.07,87.15,84.66,96283,845215213.0,2.92,-0.33,-0.28,0.31
2023-10-13,600309,84.36,84.94,85.06,84.14,53215,461673399.0,1.08,-0.15,-0.13,0.17
2023-10-16,600309,84.86,84.26,85.31,83.86,85167,737457184.0,1.71,-0.8,-0.68,0.27
2023-10-17,600309,84.17,85.42,85.49,83.68,77118,671814565.0,2.15,1.38,1.16,0.25
2023-10-18,600309,84.85,83.83,85.16,83.74,54790,473530611.0,1.66,-1.86,-1.59,0.17
2023-10-19,600309,82.96,82.71,83.67,82.7,80863,688646645.0,1.16,-1.34,-1.12,0.26
2023-10-20,600309,82.31,82.86,83.16,82.23,76724,651180500.0,1.12,0.18,0.15,0.24
2023-10-23,600309,82.85,81.74,82.86,80.91,63184,530104804.0,2.35,-1.35,-1.12,0.2
2023-10-24,600309,81.74,82.52,82.86,81.72,82505,697682925.0,1.39,0.95,0.78,0.26
2023-10-25,600309,84.21,83.82,84.96,83.76,96977,838172693.0,1.45,1.58,1.3,0.31
2023-10-26,600309,83.88,83.87,84.55,82.76,55685,477447232.0,2.14,0.06,0.05,0.18
2023-10-27,600309,83.86,85.71,85.77,83.49,78388,683636767.0,2.72,2.19,1.84,0.25
2023-10-30,600309,84.96,86.49,87.08,84.67,78559,693964761.0,2.81,0.91,0.78,0.25
2023-10-31,600309,86.44,86.66,86.66,85.51,55056,486186685.0,1.33,0.2,0.17,0.18
2023-11-01,600309,86.52,83.36,86.71,83.36,114378,989654881.0,3.87,-3.81,-3.3,0.36
2023-11-02,600309,84.31,84.22,85.06,83.58,75501,653176879.0,1.78,1.03,0.86,0.24
2023-11-03,600309,84.23,84.95,85.08,83.59,46232,401156683.0,1.77,0.87,0.73,0.15
2023-11-06,600309,85.19,86.02,86.47,85.16,79429,698102755.0,1.54,1.26,1.07,0.25
2023-11-07,600309,85.57,85.06,85.7,84.49,68060,592433870.0,1.41,-1.12,-0.96,0.22
2023-11-08,600309,84.84,81.24,84.86,79.74,328420,2737518305.0,6.02,-4.49,-3.82,1.05
2023-11-09,600309,80.44,82.82,83.13,80.26,197779,1671133459.0,3.53,1.94,1.58,0.63
2023-11-10,600309,82.52,81.19,83.16,80.74,121529,1017814383.0,2.92,-1.97,-1.63,0.39
2023-11-13,600309,81.34,80.96,81.58,80.38,92356,766722805.0,1.48,-0.28,-0.23,0.29
2023-11-14,600309,81.12,80.54,81.84,79.87,101943,841974077.0,2.43,-0.52,-0.42,0.32
2023-11-15,600309,81.04,81.16,81.69,80.33,105194,873683395.0,1.69,0.77,0.62,0.34
2023-11-16,600309,81.15,80.21,81.15,80.06,76773,632777402.0,1.34,-1.17,-0.95,0.24
2023-11-17,600309,80.06,80.16,80.4,79.12,118090,965732699.0,1.6,-0.06,-0.05,0.38
2023-11-20,600309,80.36,80.16,80.74,79.46,86139,707632403.0,1.6,0.0,0.0,0.27
2023-11-21,600309,80.36,80.59,81.71,80.21,133489,1109734001.0,1.87,0.54,0.43,0.43
2023-11-22,600309,80.54,79.68,80.54,79.56,71358,585574883.0,1.22,-1.13,-0.91,0.23
2023-11-23,600309,79.51,79.61,79.9,78.87,79807,650526417.0,1.29,-0.09,-0.07,0.25
2023-11-24,600309,79.44,79.26,79.97,79.23,63599,519451466.0,0.93,-0.44,-0.35,0.2
2023-11-27,600309,78.96,79.04,79.26,77.78,123555,995806118.0,1.87,-0.28,-0.22,0.39
2023-11-28,600309,79.04,78.66,79.07,78.36,58008,468588750.0,0.9,-0.48,-0.38,0.18
2023-11-29,600309,78.66,78.2,78.75,77.87,75310,605281462.0,1.12,-0.58,-0.46,0.24
2023-11-30,600309,78.39,78.51,78.74,77.92,64244,516872988.0,1.05,0.4,0.31,0.2
2023-12-01,600309,78.12,76.74,78.21,76.01,161763,1279827125.0,2.8,-2.25,-1.77,0.52
2023-12-04,600309,76.86,77.11,77.42,76.08,81529,644861524.0,1.75,0.48,0.37,0.26
2023-12-05,600309,77.55,75.63,77.55,75.6,86110,675306863.0,2.53,-1.92,-1.48,0.27
2023-12-06,600309,75.37,74.96,75.88,74.81,114752,886553878.0,1.41,-0.89,-0.67,0.37
2023-12-07,600309,74.96,73.84,75.63,73.74,116810,891136778.0,2.52,-1.49,-1.12,0.37
2023-12-08,600309,73.83,74.05,74.21,73.37,116522,885044343.0,1.14,0.28,0.21,0.37
2023-12-11,600309,73.42,74.47,74.76,72.71,100056,758314459.0,2.77,0.57,0.42,0.32
2023-12-12,600309,74.36,74.03,74.36,73.26,89051,675606900.0,1.48,-0.59,-0.44,0.28
2023-12-13,600309,73.94,71.52,73.95,71.33,159132,1181723859.0,3.54,-3.39,-2.51,0.51
2023-12-14,600309,72.0,72.91,73.64,71.71,180788,1357954042.0,2.7,1.94,1.39,0.58
2023-12-15,600309,73.21,73.02,74.52,72.77,119868,906443955.0,2.4,0.15,0.11,0.38
2023-12-18,600309,73.02,73.73,74.11,71.81,101307,767285659.0,3.15,0.97,0.71,0.32
2023-12-19,600309,73.18,73.66,73.7,72.76,67670,510334538.0,1.27,-0.09,-0.07,0.22
2023-12-20,600309,73.67,73.69,74.35,73.43,84388,641943775.0,1.25,0.04,0.03,0.27
2023-12-21,600309,73.43,74.54,75.01,73.11,102354,783084223.0,2.58,1.15,0.85,0.33
2023-12-22,600309,74.91,75.23,75.28,73.87,89267,686063021.0,1.89,0.93,0.69,0.28
2023-12-25,600309,75.24,75.51,75.75,74.88,54932,425650415.0,1.16,0.37,0.28,0.17
2023-12-26,600309,75.47,74.69,75.53,74.21,54677,420103376.0,1.75,-1.09,-0.82,0.17
2023-12-27,600309,74.69,74.06,75.42,73.74,86786,663490435.0,2.25,-0.84,-0.63,0.28
2023-12-28,600309,74.46,76.06,76.25,74.16,124737,969219376.0,2.82,2.7,2.0,0.4
2023-12-29,600309,76.06,74.68,76.45,74.57,136952,1058322144.0,2.47,-1.81,-1.38,0.44
2024-01-02,600309,74.76,73.53,74.78,73.41,96389,732446071.0,1.83,-1.54,-1.15,0.31
2024-01-03,600309,73.38,73.41,73.86,72.86,85718,646526316.0,1.36,-0.16,-0.12,0.27
2024-01-04,600309,73.06,73.02,74.1,72.16,94172,705143734.0,2.64,-0.53,-0.39,0.3
2024-01-05,600309,72.86,73.06,73.94,72.4,79455,598183119.0,2.11,0.05,0.04,0.25
2024-01-08,600309,72.86,71.49,73.17,71.39,75435,558674190.0,2.44,-2.15,-1.57,0.24
2024-01-09,600309,71.56,70.18,71.71,69.97,103765,754364587.0,2.43,-1.83,-1.31,0.33
2024-01-10,600309,69.87,70.86,71.31,69.86,87547,638026618.0,2.07,0.97,0.68,0.28
2024-01-11,600309,70.72,69.34,70.76,69.17,125806,902725736.0,2.24,-2.15,-1.52,0.4
2024-01-12,600309,69.13,68.7,69.33,68.13,118520,840159169.0,1.73,-0.92,-0.64,0.38
2024-01-15,600309,68.52,67.67,68.64,67.54,125433,879813017.0,1.6,-1.5,-1.03,0.4
2024-01-16,600309,67.56,67.92,68.19,66.89,118083,823603775.0,1.92,0.37,0.25,0.38
2024-01-17,600309,67.92,65.56,67.92,65.56,141453,969778391.0,3.47,-3.47,-2.36,0.45
2024-01-18,600309,65.21,67.67,67.82,64.64,180312,1224832350.0,4.85,3.22,2.11,0.57
2024-01-19,600309,67.33,68.06,68.3,66.87,133997,936363648.0,2.11,0.58,0.39,0.43
2024-01-22,600309,68.0,67.03,69.15,66.03,222455,1560668984.0,4.58,-1.51,-1.03,0.71
2024-01-23,600309,67.03,67.48,67.97,66.51,99872,693491222.0,2.18,0.67,0.45,0.32
2024-01-24,600309,68.31,68.16,68.35,66.61,102873,717814151.0,2.58,1.01,0.68,0.33
2024-01-25,600309,68.5,69.95,70.17,67.91,118143,844986929.0,3.32,2.63,1.79,0.38
2024-01-26,600309,69.66,70.86,71.31,69.61,118426,863137559.0,2.43,1.3,0.91,0.38
2024-01-29,600309,71.24,70.56,71.79,70.56,89999,658976919.0,1.74,-0.42,-0.3,0.29
2024-01-30,600309,70.25,69.1,70.69,68.73,94995,679663865.0,2.78,-2.07,-1.46,0.3
2024-01-31,600309,69.06,67.55,69.56,67.53,101779,714918065.0,2.94,-2.24,-1.55,0.32
2024-02-01,600309,67.9,68.07,68.96,67.47,121272,854375251.0,2.21,0.77,0.52,0.39
2024-02-02,600309,68.51,65.57,68.51,64.67,197405,1354308834.0,5.64,-3.67,-2.5,0.63
2024-02-05,600309,66.31,67.87,69.06,66.16,317070,2217115854.0,4.42,3.51,2.3,1.01
2024-02-06,600309,67.87,70.16,70.52,67.52,279209,1993820669.0,4.42,3.37,2.29,0.89
2024-02-07,600309,70.16,71.21,71.34,69.31,247918,1805372248.0,2.89,1.5,1.05,0.79
2024-02-08,600309,71.4,72.4,73.17,71.24,230214,1714969672.0,2.71,1.67,1.19,0.73
2024-02-19,600309,73.36,72.47,73.52,71.8,140315,1047351829.0,2.38,0.1,0.07,0.45
2024-02-20,600309,72.48,72.82,73.04,71.85,121954,911707010.0,1.64,0.48,0.35,0.39
2024-02-21,600309,72.74,75.89,77.16,72.49,211499,1636363503.0,6.41,4.22,3.07,0.67
2024-02-22,600309,75.68,76.66,76.85,75.28,123665,969002616.0,2.07,1.01,0.77,0.39
2024-02-23,600309,76.27,75.48,76.96,75.23,105571,823453405.0,2.26,-1.54,-1.18,0.34
2024-02-26,600309,75.49,74.66,75.86,74.24,97433,750760353.0,2.15,-1.09,-0.82,0.31
2024-02-27,600309,74.66,76.17,76.22,74.54,127086,990037795.0,2.25,2.02,1.51,0.4
2024-02-28,600309,76.47,75.65,77.11,75.57,115949,907952107.0,2.02,-0.68,-0.52,0.37
2024-02-29,600309,75.55,77.41,77.47,75.5,143678,1134659756.0,2.6,2.33,1.76,0.46
2024-03-01,600309,77.06,76.59,77.38,76.46,101938,804414288.0,1.19,-1.06,-0.82,0.32
2024-03-04,600309,76.53,74.0,76.66,73.76,216447,1660091765.0,3.79,-3.38,-2.59,0.69
2024-03-05,600309,73.46,74.73,74.93,73.31,160290,1224540603.0,2.19,0.99,0.73,0.51
2024-03-06,600309,74.73,73.81,74.86,73.68,89462,682632732.0,1.58,-1.23,-0.92,0.28
2024-03-07,600309,73.81,74.86,75.1,73.74,111431,855282980.0,1.84,1.42,1.05,0.35
2024-03-08,600309,74.62,75.04,75.55,74.54,98988,763741268.0,1.35,0.24,0.18,0.32
2024-03-11,600309,75.12,75.28,75.73,74.72,98188,758722726.0,1.35,0.32,0.24,0.31
2024-03-12,600309,75.57,76.88,77.36,74.88,181003,1417982755.0,3.29,2.13,1.6,0.58
2024-03-13,600309,77.06,76.11,77.32,75.46,104668,819591513.0,2.42,-1.0,-0.77,0.33
2024-03-14,600309,76.12,75.15,76.35,74.87,95341,739185030.0,1.94,-1.26,-0.96,0.3
2024-03-15,600309,75.15,76.15,76.36,74.5,109686,850073084.0,2.48,1.33,1.0,0.35
2024-03-18,600309,76.16,76.85,77.12,75.63,102679,808770005.0,1.96,0.92,0.7,0.33
2024-03-19,600309,76.46,76.44,76.94,74.59,128401,1003854789.0,3.06,-0.53,-0.41,0.41
2024-03-20,600309,76.05,75.74,76.79,75.63,87323,683087895.0,1.52,-0.92,-0.7,0.28
2024-03-21,600309,76.06,75.06,76.16,74.93,87387,676768938.0,1.62,-0.9,-0.68,0.28
2024-03-22,600309,74.89,75.1,75.36,73.97,103741,797360025.0,1.85,0.05,0.04,0.33
2024-03-25,600309,75.1,76.1,76.76,74.91,142508,1113332860.0,2.46,1.33,1.0,0.45
2024-03-26,600309,75.96,77.87,77.96,75.89,152009,1203167758.0,2.72,2.33,1.77,0.48
2024-03-27,600309,77.85,77.6,79.36,77.08,174824,1410525317.0,2.93,-0.35,-0.27,0.56
2024-03-28,600309,77.36,78.31,79.35,77.11,119068,957028948.0,2.89,0.91,0.71,0.38
2024-03-29,600309,78.26,80.66,80.86,78.26,144184,1186856152.0,3.32,3.0,2.35,0.46
2024-04-01,600309,81.26,82.41,83.98,81.17,193533,1641734815.0,3.48,2.17,1.75,0.62
2024-04-02,600309,82.36,82.86,83.84,82.06,112408,957275439.0,2.16,0.55,0.45,0.36
2024-04-03,600309,82.74,82.76,83.33,81.91,98814,837823521.0,1.71,-0.12,-0.1,0.31
2024-04-08,600309,82.77,84.86,85.32,82.51,201503,1743628069.0,3.4,2.54,2.1,0.64
2024-04-09,600309,84.85,84.76,86.52,84.21,180637,1574904870.0,2.72,-0.12,-0.1,0.58
2024-04-10,600309,84.85,85.28,85.45,84.24,126110,1100585770.0,1.43,0.61,0.52,0.4
2024-04-11,600309,84.74,84.66,85.39,83.86,114491,995052873.0,1.79,-0.73,-0.62,0.36
2024-04-12,600309,84.36,83.97,84.8,83.34,139204,1197344654.0,1.72,-0.82,-0.69,0.44
2024-04-15,600309,83.96,85.86,86.35,83.89,173722,1524071053.0,2.93,2.25,1.89,0.55
2024-04-16,600309,85.8,84.86,86.49,84.59,150895,1322053316.0,2.21,-1.16,-1.0,0.48
2024-04-17,600309,84.81,84.94,85.36,84.06,104412,906349938.0,1.53,0.09,0.08,0.33
2024-04-18,600309,84.73,85.07,86.46,84.09,118307,1036479456.0,2.79,0.15,0.13,0.38
2024-04-19,600309,84.86,84.41,85.41,83.49,136851,1187246131.0,2.26,-0.78,-0.66,0.44
2024-04-22,600309,85.03,85.77,86.98,84.64,140806,1220295471.0,2.77,1.61,1.36,0.45
2024-04-23,600309,85.48,83.98,85.96,83.65,118534,1005637670.0,2.69,-2.09,-1.79,0.38
2024-04-24,600309,84.73,83.91,84.73,83.25,87000,733521619.0,1.76,-0.08,-0.07,0.28
2024-04-25,600309,83.85,83.98,84.43,83.06,88403,745076622.0,1.63,0.08,0.07,0.28
2024-04-26,600309,83.96,86.22,86.97,83.92,165541,1428141212.0,3.63,2.67,2.24,0.53
2024-04-29,600309,86.22,89.33,92.12,85.98,247390,2235660969.0,7.12,3.61,3.11,0.79
2024-04-30,600309,89.79,88.58,90.59,88.58,98232,883841131.0,2.25,-0.84,-0.75,0.31
2024-05-06,600309,90.48,91.42,91.99,89.6,200196,1837778837.0,2.7,3.21,2.84,0.64
2024-05-07,600309,91.34,91.44,91.98,91.16,104735,963849193.0,0.9,0.02,0.02,0.33
2024-05-08,600309,91.45,90.35,91.78,89.94,90706,824370879.0,2.01,-1.19,-1.09,0.29
2024-05-09,600309,89.86,89.81,90.34,88.67,131995,1189178182.0,1.85,-0.6,-0.54,0.42
2024-05-10,600309,89.88,89.7,90.88,88.98,110644,997034122.0,2.12,-0.12,-0.11,0.35
2024-05-13,600309,89.38,90.08,90.83,88.76,99944,905643533.0,2.31,0.42,0.38,0.32
2024-05-14,600309,90.11,89.15,90.42,88.86,85480,768960139.0,1.73,-1.03,-0.93,0.27
2024-05-15,600309,89.14,88.18,89.58,87.49,85874,762771204.0,2.34,-1.09,-0.97,0.27
2024-05-16,600309,88.16,88.23,88.74,87.34,97363,861707451.0,1.59,0.06,0.05,0.31
2024-05-17,600309,87.78,89.54,89.56,87.78,100873,901145081.0,2.02,1.48,1.31,0.32
2024-05-20,600309,89.98,89.31,91.07,88.27,127766,1151088807.0,3.13,-0.26,-0.23,0.41
2024-05-21,600309,88.99,88.08,89.28,87.6,79245,704230736.0,1.88,-1.38,-1.23,0.25
2024-05-22,600309,88.96,90.76,91.7,88.68,222423,2026540993.0,3.43,3.04,2.68,0.71
2024-05-23,600309,90.27,88.57,90.32,88.28,115112,1028858521.0,2.25,-2.41,-2.19,0.37
2024-05-24,600309,88.29,88.19,88.93,87.51,110292,978103383.0,1.6,-0.43,-0.38,0.35
2024-05-27,600309,87.91,90.02,90.33,87.88,108152,974601118.0,2.78,2.08,1.83,0.34
2024-05-28,600309,90.02,89.6,90.49,89.49,74346,671866254.0,1.11,-0.47,-0.42,0.24
2024-05-29,600309,89.33,89.91,90.74,89.33,88146,799879292.0,1.57,0.35,0.31,0.28
2024-05-30,600309,89.91,88.35,91.66,87.93,140117,1261862602.0,4.15,-1.74,-1.56,0.45
2024-05-31,600309,89.36,87.03,89.36,86.88,117406,1034548711.0,2.81,-1.49,-1.32,0.37
2024-06-03,600309,86.73,86.7,87.43,86.28,97822,853371080.0,1.32,-0.38,-0.33,0.31
2024-06-04,600309,86.66,87.58,88.23,86.49,86283,761120086.0,2.01,1.01,0.88,0.27
2024-06-05,600309,87.98,87.62,88.01,87.14,51998,458337869.0,0.99,0.05,0.04,0.17
2024-06-06,600309,87.68,88.28,89.76,87.62,98514,879520991.0,2.44,0.75,0.66,0.31
2024-06-07,600309,89.19,87.47,89.28,86.98,75729,668137933.0,2.61,-0.92,-0.81,0.24
2024-06-11,600309,87.66,87.78,88.13,86.52,73562,646381076.0,1.84,0.35,0.31,0.23
2024-06-12,600309,87.79,86.13,87.97,85.25,117532,1018061590.0,3.1,-1.88,-1.65,0.37
2024-06-13,600309,86.26,85.24,86.33,84.49,101181,867162741.0,2.14,-1.03,-0.89,0.32
2024-06-14,600309,85.01,85.95,86.63,83.4,154342,1318115955.0,3.79,0.83,0.71,0.49
2024-06-17,600309,85.63,85.23,86.56,84.85,99565,856106648.0,1.99,-0.84,-0.72,0.32
2024-06-18,600309,85.29,84.61,85.53,84.09,75875,646095027.0,1.69,-0.73,-0.62,0.24
2024-06-19,600309,84.6,83.68,84.78,83.25,118025,993727389.0,1.81,-1.1,-0.93,0.38
2024-06-20,600309,83.69,83.52,85.08,83.42,88540,747826012.0,1.98,-0.19,-0.16,0.28
2024-06-21,600309,83.52,82.78,83.78,81.99,94079,783077014.0,2.14,-0.89,-0.74,0.3
2024-06-24,600309,82.88,83.76,83.95,81.95,113689,950428470.0,2.42,1.18,0.98,0.36
2024-06-25,600309,84.16,85.26,85.73,83.33,132209,1130044495.0,2.87,1.79,1.5,0.42
2024-06-26,600309,84.96,84.87,85.28,84.14,82364,703111210.0,1.34,-0.46,-0.39,0.26
2024-06-27,600309,84.58,82.58,84.93,81.55,182365,1515362316.0,3.98,-2.7,-2.29,0.58
2024-06-28,600309,82.29,80.34,82.81,80.34,190360,1554546092.0,2.99,-2.71,-2.24,0.61
2024-07-01,600309,80.08,81.78,82.28,80.08,109442,898168984.0,2.74,1.79,1.44,0.35
2024-07-02,600309,81.08,79.78,81.96,79.76,144156,1166205645.0,2.69,-2.45,-2.0,0.46
2024-07-03,600309,79.78,79.9,80.76,79.61,74683,602036300.0,1.44,0.15,0.12,0.24
2024-07-04,600309,80.33,80.49,80.65,78.88,103398,832074345.0,2.22,0.74,0.59,0.33
2024-07-05,600309,80.39,80.58,80.78,79.29,93077,750107667.0,1.85,0.11,0.09,0.3
2024-07-08,600309,80.1,78.72,80.11,78.68,96050,765209507.0,1.77,-2.31,-1.86,0.31
2024-07-09,600309,78.68,78.06,78.96,77.48,111467,876192561.0,1.88,-0.84,-0.66,0.36
2024-07-10,600309,77.9,77.23,78.84,76.88,87812,685361002.0,2.51,-1.06,-0.83,0.28
2024-07-11,600309,77.61,80.01,80.81,77.24,145118,1161792930.0,4.62,3.6,2.78,0.46
2024-07-12,600309,80.78,82.8,83.43,80.48,163353,1353422384.0,3.69,3.49,2.79,0.52
2024-07-15,600309,82.98,81.08,83.23,80.79,99133,813363082.0,2.95,-2.08,-1.72,0.32
2024-07-16,600309,80.93,81.25,81.96,80.73,80404,658638150.0,1.52,0.21,0.17,0.26
2024-07-17,600309,81.26,81.79,82.01,78.98,117961,959122449.0,3.73,0.66,0.54,0.38
2024-07-18,600309,81.81,81.26,81.86,80.06,110674,900209942.0,2.2,-0.65,-0.53,0.35
2024-07-19,600309,81.05,82.02,82.45,80.09,136021,1115766374.0,2.9,0.94,0.76,0.43
2024-07-22,600309,82.02,81.11,82.28,80.18,113376,924297623.0,2.56,-1.11,-0.91,0.36
2024-07-23,600309,81.09,79.18,81.36,79.08,96586,776693783.0,2.81,-2.38,-1.93,0.31
2024-07-24,600309,79.99,78.77,80.14,78.26,72107,572899114.0,2.37,-0.52,-0.41,0.23
2024-07-25,600309,78.68,77.98,80.05,77.5,92143,727806991.0,3.24,-1.0,-0.79,0.29
2024-07-26,600309,78.38,78.79,79.78,78.0,107030,848241745.0,2.28,1.04,0.81,0.34
2024-07-29,600309,78.86,77.06,79.01,76.97,72032,561622163.0,2.59,-2.2,-1.73,0.23
2024-07-30,600309,76.98,74.64,77.43,73.86,150217,1133531847.0,4.63,-3.14,-2.42,0.48
2024-07-31,600309,74.56,77.08,77.26,74.17,137458,1052841456.0,4.14,3.27,2.44,0.44
2024-08-01,600309,76.98,73.73,77.1,73.66,197500,1482880158.0,4.46,-4.35,-3.35,0.63
2024-08-02,600309,72.98,73.48,73.79,71.68,185326,1358650060.0,2.86,-0.34,-0.25,0.59
2024-08-05,600309,72.69,71.78,73.68,71.76,141864,1034848345.0,2.61,-2.31,-1.7,0.45
2024-08-06,600309,72.31,71.78,73.13,70.94,117389,849772117.0,3.05,0.0,0.0,0.37
2024-08-07,600309,71.63,72.97,73.46,71.5,147294,1081861331.0,2.73,1.66,1.19,0.47
2024-08-08,600309,72.97,75.98,76.66,72.97,209535,1588036467.0,5.06,4.12,3.01,0.67
2024-08-09,600309,75.48,75.09,76.23,74.76,99008,751615383.0,1.93,-1.17,-0.89,0.32
2024-08-12,600309,74.7,74.4,75.16,73.48,70078,525433919.0,2.24,-0.92,-0.69,0.22
2024-08-13,600309,74.0,72.49,74.16,70.86,205134,1485519625.0,4.44,-2.57,-1.91,0.65
2024-08-14,600309,72.48,70.28,72.48,69.29,228154,1611282277.0,4.4,-3.05,-2.21,0.73
2024-08-15,600309,69.98,69.84,70.86,69.4,167196,1177921494.0,2.08,-0.63,-0.44,0.53
2024-08-16,600309,69.76,70.19,70.82,69.13,125168,883872461.0,2.42,0.5,0.35,0.4
2024-08-19,600309,70.1,70.09,71.41,69.66,112563,796770057.0,2.49,-0.14,-0.1,0.36
2024-08-20,600309,69.94,69.29,70.61,68.88,113706,797054013.0,2.47,-1.14,-0.8,0.36
2024-08-21,600309,69.41,69.59,70.06,68.87,78736,552460938.0,1.72,0.43,0.3,0.25
2024-08-22,600309,69.58,69.38,69.98,69.03,69755,488430326.0,1.37,-0.3,-0.21,0.22
2024-08-23,600309,69.18,70.04,70.74,69.0,98014,690393450.0,2.51,0.95,0.66,0.31
2024-08-26,600309,70.06,69.28,70.45,68.66,111762,779293803.0,2.56,-1.09,-0.76,0.36
2024-08-27,600309,69.08,69.03,69.38,68.65,70850,492867446.0,1.05,-0.36,-0.25,0.23
2024-08-28,600309,69.03,68.96,69.66,68.67,73454,511421510.0,1.43,-0.1,-0.07,0.23
2024-08-29,600309,69.1,70.3,70.77,68.66,121402,857526996.0,3.06,1.94,1.34,0.39
2024-08-30,600309,70.36,72.48,73.69,69.28,200345,1456913726.0,6.27,3.1,2.18,0.64
2024-09-02,600309,72.28,70.32,72.55,69.99,119912,854968057.0,3.53,-2.98,-2.16,0.38
2024-09-03,600309,70.32,70.83,70.96,69.69,81048,576192617.0,1.81,0.73,0.51,0.26
2024-09-04,600309,70.48,70.17,71.06,69.58,97006,685939865.0,2.09,-0.93,-0.66,0.31
2024-09-05,600309,70.2,70.8,71.26,69.72,100809,710221051.0,2.19,0.9,0.63,0.32
2024-09-06,600309,70.8,70.6,71.53,70.42,75826,537838980.0,1.57,-0.28,-0.2,0.24
2024-09-09,600309,70.21,70.34,71.57,69.1,103733,727231154.0,3.5,-0.37,-0.26,0.33
2024-09-10,600309,70.14,69.7,70.7,69.22,68861,480553714.0,2.1,-0.91,-0.64,0.22
2024-09-11,600309,69.42,70.67,70.89,68.9,96064,674453392.0,2.86,1.39,0.97,0.31
2024-09-12,600309,70.28,70.73,71.79,70.28,79977,568010555.0,2.14,0.08,0.06,0.25
2024-09-13,600309,70.89,70.87,72.2,70.6,92360,659112329.0,2.26,0.2,0.14,0.29
2024-09-18,600309,71.0,72.76,72.83,71.0,138093,996606810.0,2.58,2.67,1.89,0.44
2024-09-19,600309,73.0,75.61,76.5,72.81,216324,1621504426.0,5.07,3.92,2.85,0.69
2024-09-20,600309,75.5,75.67,75.74,74.5,133340,1002325469.0,1.64,0.08,0.06,0.42
2024-09-23,600309,75.73,75.65,76.67,75.1,100788,764279877.0,2.07,-0.03,-0.02,0.32
2024-09-24,600309,77.02,78.96,79.0,75.65,225201,1748571602.0,4.43,4.38,3.31,0.72
2024-09-25,600309,80.54,77.72,81.56,77.57,246866,1960613393.0,5.05,-1.57,-1.24,0.79
2024-09-26,600309,78.5,80.7,80.7,77.46,220233,1737918982.0,4.17,3.83,2.98,0.7
2024-09-27,600309,82.4,85.41,85.99,82.4,213328,1797185998.0,4.45,5.84,4.71,0.68
2024-09-30,600309,89.5,91.32,92.97,87.08,472789,4246617792.0,6.9,6.92,5.91,1.51
2024-10-08,600309,100.4,93.75,100.4,91.12,544066,5184802475.0,10.16,2.66,2.43,1.73
2024-10-09,600309,92.0,84.88,92.0,84.6,458295,4012286355.0,7.89,-9.46,-8.87,1.46
2024-10-10,600309,84.98,85.45,88.45,84.74,275525,2382251322.0,4.37,0.67,0.57,0.88
2024-10-11,600309,85.2,82.0,85.4,80.9,249783,2061659747.0,5.27,-4.04,-3.45,0.8
2024-10-14,600309,82.5,81.93,83.5,81.18,335814,2753530004.0,2.83,-0.09,-0.07,1.07
2024-10-15,600309,82.01,79.43,82.2,79.3,243053,1961056381.0,3.54,-3.05,-2.5,0.77
2024-10-16,600309,78.81,78.84,80.18,78.67,188648,1496446555.0,1.9,-0.74,-0.59,0.6
2024-10-17,600309,79.12,76.5,79.49,76.49,260470,2019271085.0,3.81,-2.97,-2.34,0.83
2024-10-18,600309,76.33,78.22,79.5,75.61,307101,2382544097.0,5.08,2.25,1.72,0.98
2024-10-21,600309,79.0,78.19,79.12,77.1,322370,2509087982.0,2.58,-0.04,-0.03,1.03
2024-10-22,600309,78.28,78.89,80.23,77.89,287767,2279915651.0,2.99,0.9,0.7,0.92
2024-10-23,600309,79.05,79.32,80.08,78.3,298038,2354891300.0,2.26,0.55,0.43,0.95
2024-10-24,600309,79.1,77.4,79.1,76.92,264120,2049836115.0,2.75,-2.42,-1.92,0.84
2024-10-25,600309,77.48,77.72,78.79,76.98,227121,1766392961.0,2.34,0.41,0.32,0.72
2024-10-28,600309,77.73,79.6,80.5,77.73,431056,3425050034.0,3.56,2.42,1.88,1.37
2024-10-29,600309,78.95,76.84,78.95,76.49,463609,3575505558.0,3.09,-3.47,-2.76,1.48
2024-10-30,600309,76.6,75.98,77.36,75.88,239449,1827229220.0,1.93,-1.12,-0.86,0.76
2024-10-31,600309,75.79,75.25,76.05,74.56,237520,1785797469.0,1.96,-0.96,-0.73,0.76
2024-11-01,600309,75.27,76.51,77.77,75.01,321771,2467355478.0,3.67,1.67,1.26,1.02
2024-11-04,600309,76.51,77.33,77.38,75.85,222049,1700974413.0,2.0,1.07,0.82,0.71
2024-11-05,600309,77.1,78.88,79.0,76.53,313684,2451792435.0,3.19,2.0,1.55,1.0
2024-11-06,600309,78.89,77.89,79.34,77.5,298053,2335423284.0,2.33,-1.26,-0.99,0.95
2024-11-07,600309,77.05,79.55,79.55,76.88,316261,2487477625.0,3.43,2.13,1.66,1.01
2024-11-08,600309,80.24,81.56,83.59,80.24,471875,3880527827.0,4.21,2.53,2.01,1.5
2024-11-11,600309,80.35,80.87,81.26,79.58,274189,2201482497.0,2.06,-0.85,-0.69,0.87
2024-11-12,600309,81.8,80.5,82.98,80.15,288344,2354548313.0,3.5,-0.46,-0.37,0.92
2024-11-13,600309,79.65,79.91,80.5,79.58,167562,1338684220.0,1.14,-0.73,-0.59,0.53
2024-11-14,600309,79.51,78.07,79.91,77.99,174972,1382547307.0,2.4,-2.3,-1.84,0.56
2024-11-15,600309,78.07,76.99,78.86,76.8,188634,1460729289.0,2.64,-1.38,-1.08,0.6
2024-11-18,600309,77.0,76.36,78.8,76.0,226835,1758091149.0,3.64,-0.82,-0.63,0.72
2024-11-19,600309,76.7,77.13,77.2,76.2,134706,1034368855.0,1.31,1.01,0.77,0.43
2024-11-20,600309,77.0,76.79,77.05,76.0,197162,1506098581.0,1.36,-0.44,-0.34,0.63
2024-11-21,600309,77.13,76.68,77.24,76.26,141898,1088138601.0,1.28,-0.14,-0.11,0.45
2024-11-22,600309,76.29,73.89,76.5,73.77,310177,2322443277.0,3.56,-3.64,-2.79,0.99
2024-11-25,600309,73.89,73.0,74.44,72.46,179756,1318123553.0,2.68,-1.2,-0.89,0.57
2024-11-26,600309,72.72,72.9,73.45,72.31,106052,772608555.0,1.56,-0.14,-0.1,0.34
2024-11-27,600309,72.88,74.48,74.55,72.58,150981,1112405398.0,2.7,2.17,1.58,0.48
2024-11-28,600309,74.09,73.91,74.67,73.65,111177,823603875.0,1.37,-0.77,-0.57,0.35
2024-11-29,600309,74.0,74.29,75.0,73.09,174088,1292006144.0,2.58,0.51,0.38,0.55
2024-12-02,600309,74.2,75.39,75.49,73.9,163287,1222202924.0,2.14,1.48,1.1,0.52
2024-12-03,600309,75.38,75.06,75.44,74.62,123771,929377063.0,1.09,-0.44,-0.33,0.39
2024-12-04,600309,75.0,73.4,75.0,73.25,237866,1751476253.0,2.33,-2.21,-1.66,0.76
2024-12-05,600309,73.02,72.33,73.19,72.0,193947,1403492201.0,1.62,-1.46,-1.07,0.62
2024-12-06,600309,72.35,73.63,73.98,72.35,173516,1273147759.0,2.25,1.8,1.3,0.55
2024-12-09,600309,73.7,73.17,74.06,72.9,149046,1093121602.0,1.58,-0.62,-0.46,0.47
2024-12-10,600309,75.15,74.38,76.1,74.16,322812,2432836597.0,2.65,1.65,1.21,1.03
2024-12-11,600309,74.1,74.9,75.05,74.0,141125,1054360174.0,1.41,0.7,0.52,0.45
2024-12-12,600309,74.86,76.35,76.64,74.58,259971,1978100953.0,2.75,1.94,1.45,0.83
2024-12-13,600309,75.91,74.75,75.95,74.67,196938,1481925002.0,1.68,-2.1,-1.6,0.63
2024-12-16,600309,74.75,73.52,75.24,73.37,131403,969344115.0,2.5,-1.65,-1.23,0.42
2024-12-17,600309,73.35,75.11,75.68,73.23,192356,1440118980.0,3.33,2.16,1.59,0.61
2024-12-18,600309,75.22,74.71,76.33,74.64,148571,1119392296.0,2.25,-0.53,-0.4,0.47
2024-12-19,600309,74.33,74.26,74.78,73.73,83827,622577154.0,1.41,-0.6,-0.45,0.27
2024-12-20,600309,74.27,73.69,74.47,73.36,128671,950533213.0,1.49,-0.77,-0.57,0.41
2024-12-23,600309,73.68,74.13,74.97,73.63,134278,997574418.0,1.82,0.6,0.44,0.43
2024-12-24,600309,74.14,74.89,75.4,73.88,155855,1167230325.0,2.05,1.03,0.76,0.5
2024-12-25,600309,75.0,73.31,75.0,73.04,186454,1368456218.0,2.62,-2.11,-1.58,0.59
2024-12-26,600309,73.31,73.08,73.4,72.58,167291,1218510502.0,1.12,-0.31,-0.23,0.53
2024-12-27,600309,73.09,72.99,73.19,72.41,166676,1213350092.0,1.07,-0.12,-0.09,0.53
2024-12-30,600309,72.88,72.85,73.98,72.65,186824,1364560297.0,1.82,-0.19,-0.14,0.6
2024-12-31,600309,72.62,71.35,72.95,71.34,236276,1701804823.0,2.21,-2.06,-1.5,0.75
2025-01-02,600309,71.35,69.72,71.35,69.4,257307,1802306993.0,2.73,-2.28,-1.63,0.82
2025-01-03,600309,69.72,70.09,71.14,69.7,177044,1245937844.0,2.07,0.53,0.37,0.56
2025-01-06,600309,70.12,70.26,70.71,69.68,143874,1008441515.0,1.47,0.24,0.17,0.46
2025-01-07,600309,70.12,69.48,70.4,69.18,163240,1135935775.0,1.74,-1.11,-0.78,0.52
2025-01-08,600309,69.48,68.2,69.48,67.77,224259,1536623215.0,2.46,-1.84,-1.28,0.71
2025-01-09,600309,68.11,67.71,68.43,67.52,157824,1070717938.0,1.33,-0.72,-0.49,0.5
2025-01-10,600309,67.82,65.9,68.1,65.9,235103,1566711407.0,3.25,-2.67,-1.81,0.75
2025-01-13,600309,65.89,66.69,67.09,65.45,151597,1009839375.0,2.49,1.2,0.79,0.48
2025-01-14,600309,66.69,67.81,67.99,66.28,178332,1199849052.0,2.56,1.68,1.12,0.57
2025-01-15,600309,68.0,67.18,68.1,66.9,112574,757778308.0,1.77,-0.93,-0.63,0.36
2025-01-16,600309,67.17,67.74,69.0,67.15,192765,1313245412.0,2.75,0.83,0.56,0.61
2025-01-17,600309,67.65,68.61,69.29,67.45,185262,1271355509.0,2.72,1.28,0.87,0.59
2025-01-20,600309,69.3,68.72,69.78,68.52,160453,1107796817.0,1.84,0.16,0.11,0.51
2025-01-21,600309,69.0,67.52,69.05,67.04,188537,1280014165.0,2.92,-1.75,-1.2,0.6
2025-01-22,600309,67.31,67.74,67.77,66.05,234111,1567964214.0,2.55,0.33,0.22,0.75
2025-01-23,600309,68.03,68.06,68.75,67.92,171964,1175769416.0,1.23,0.47,0.32,0.55
2025-01-24,600309,68.06,67.98,68.52,67.71,140464,956067253.0,1.19,-0.12,-0.08,0.45
2025-01-27,600309,68.0,68.53,69.0,67.99,160294,1100951276.0,1.49,0.81,0.55,0.51
2025-02-05,600309,68.59,67.73,68.8,67.2,131563,889112103.0,2.33,-1.17,-0.8,0.42
2025-02-06,600309,67.67,67.12,67.78,66.5,219327,1469202522.0,1.89,-0.9,-0.61,0.7
2025-02-07,600309,67.0,68.81,69.3,66.54,384058,2620665656.0,4.11,2.52,1.69,1.22
2025-02-10,600309,69.2,71.3,71.6,69.05,358010,2530381700.0,3.71,3.62,2.49,1.14
2025-02-11,600309,71.02,71.16,71.24,70.56,147779,1048583834.0,0.95,-0.2,-0.14,0.47
2025-02-12,600309,71.17,71.45,71.86,70.83,177114,1263998358.0,1.45,0.41,0.29,0.56
2025-02-13,600309,71.53,73.3,73.99,71.5,374381,2746674778.0,3.48,2.59,1.85,1.19
2025-02-14,600309,72.99,70.46,72.99,70.22,400509,2834127707.0,3.78,-3.87,-2.84,1.28
2025-02-17,600309,70.47,70.42,70.55,69.41,225465,1577628253.0,1.62,-0.06,-0.04,0.72
2025-02-18,600309,69.93,69.96,71.34,69.7,221066,1559472976.0,2.33,-0.65,-0.46,0.7
2025-02-19,600309,69.91,69.65,70.06,69.24,204892,1425610642.0,1.17,-0.44,-0.31,0.65
2025-02-20,600309,69.45,68.55,69.45,68.12,258828,1774945246.0,1.91,-1.58,-1.1,0.82
2025-02-21,600309,68.55,68.08,68.81,67.45,230947,1570895013.0,1.98,-0.69,-0.47,0.74
2025-02-24,600309,67.8,68.1,68.67,67.7,191015,1302551121.0,1.42,0.03,0.02,0.61
2025-02-25,600309,67.67,67.06,67.94,66.89,212913,1433608876.0,1.54,-1.53,-1.04,0.68
2025-02-26,600309,67.24,68.35,68.5,67.24,222435,1512330311.0,1.88,1.92,1.29,0.71
2025-02-27,600309,68.35,68.92,69.24,67.98,204996,1408102836.0,1.84,0.83,0.57,0.65
2025-02-28,600309,68.9,68.81,70.59,68.66,265095,1845935129.0,2.8,-0.16,-0.11,0.84
2025-03-03,600309,68.81,68.97,70.16,68.71,192872,1338464344.0,2.11,0.23,0.16,0.61
2025-03-04,600309,68.61,68.41,68.97,67.91,157215,1074702207.0,1.54,-0.81,-0.56,0.5
2025-03-05,600309,68.4,67.91,68.49,67.85,116492,793271666.0,0.94,-0.73,-0.5,0.37
2025-03-06,600309,68.3,68.36,68.73,67.8,143345,977823173.0,1.37,0.66,0.45,0.46
2025-03-07,600309,68.36,68.62,69.16,67.94,184586,1266970135.0,1.78,0.38,0.26,0.59
2025-03-10,600309,68.62,69.2,69.69,68.15,166962,1151950526.0,2.24,0.85,0.58,0.53
2025-03-11,600309,68.52,69.18,69.18,68.2,158259,1089387513.0,1.42,-0.03,-0.02,0.5
2025-03-12,600309,69.18,67.83,69.3,67.8,283281,1931813295.0,2.17,-1.95,-1.35,0.9
2025-03-13,600309,67.99,68.05,68.48,67.68,141441,963301547.0,1.18,0.32,0.22,0.45
2025-03-14,600309,68.09,69.84,70.29,68.0,360473,2503513090.0,3.37,2.63,1.79,1.15
2025-03-17,600309,70.25,70.8,71.77,70.23,237176,1682568391.0,2.21,1.37,0.96,0.76
2025-03-18,600309,69.6,68.6,69.6,68.18,391946,2696882416.0,2.01,-3.11,-2.2,1.25
2025-03-19,600309,68.38,69.31,69.98,68.36,223025,1541206482.0,2.36,1.03,0.71,0.71
2025-03-20,600309,69.04,68.33,69.23,68.25,185016,1267459864.0,1.41,-1.41,-0.98,0.59
2025-03-21,600309,68.26,67.4,68.78,67.36,223937,1520653911.0,2.08,-1.36,-0.93,0.71
2025-03-24,600309,67.36,67.06,67.59,66.78,183655,1232604452.0,1.2,-0.5,-0.34,0.58
2025-03-25,600309,67.1,68.48,68.55,66.7,249868,1695135415.0,2.76,2.12,1.42,0.8
2025-03-26,600309,68.43,68.07,68.46,67.93,121132,826242468.0,0.77,-0.6,-0.41,0.39
2025-03-27,600309,68.1,68.53,69.0,68.08,171346,1175685705.0,1.35,0.68,0.46,0.55
2025-03-28,600309,68.54,67.71,68.94,67.54,141281,961766463.0,2.04,-1.2,-0.82,0.45
2025-03-31,600309,68.09,67.21,68.55,67.07,152554,1032341865.0,2.19,-0.74,-0.5,0.49
2025-04-01,600309,67.22,67.1,67.64,66.88,143216,961537575.0,1.13,-0.16,-0.11,0.46
2025-04-02,600309,67.1,66.59,67.14,66.52,170743,1138587228.0,0.92,-0.76,-0.51,0.54
2025-04-03,600309,65.59,65.74,66.0,65.4,195279,1282027368.0,0.9,-1.28,-0.85,0.62
2025-04-07,600309,62.8,59.17,62.8,59.17,449230,2690489722.0,5.52,-9.99,-6.57,1.43
2025-04-08,600309,60.2,60.25,60.25,57.88,435353,2564497619.0,4.01,1.83,1.08,1.39
2025-04-09,600309,59.17,60.17,60.17,58.5,321193,1901363783.0,2.77,-0.13,-0.08,1.02
2025-04-10,600309,61.48,60.88,61.49,60.01,266349,1614668280.0,2.46,1.18,0.71,0.85
2025-04-11,600309,60.35,60.2,60.5,59.65,183921,1104271607.0,1.4,-1.12,-0.68,0.59
2025-04-14,600309,60.24,59.45,60.45,59.31,241032,1443190393.0,1.89,-1.25,-0.75,0.77
2025-04-15,600309,58.36,56.26,58.38,55.22,669616,3786280053.0,5.32,-5.37,-3.19,2.13
2025-04-16,600309,56.27,55.35,56.3,54.56,419179,2306508494.0,3.09,-1.62,-0.91,1.34
2025-04-17,600309,54.8,54.89,55.27,54.58,344153,1886854573.0,1.25,-0.83,-0.46,1.1
2025-04-18,600309,54.91,54.99,55.05,54.6,208295,1141123562.0,0.82,0.18,0.1,0.66
2025-04-21,600309,54.88,54.26,54.88,53.89,340944,1846389422.0,1.8,-1.33,-0.73,1.09
2025-04-22,600309,54.0,54.08,54.55,53.89,233711,1266160407.0,1.22,-0.33,-0.18,0.74
2025-04-23,600309,54.32,55.05,55.67,54.32,396007,2181218991.0,2.5,1.79,0.97,1.26
2025-04-24,600309,55.17,54.45,55.17,54.22,211666,1156789126.0,1.73,-1.09,-0.6,0.67
2025-04-25,600309,54.9,56.05,56.99,54.89,486825,2732540472.0,3.86,2.94,1.6,1.55
2025-04-28,600309,56.05,55.19,56.05,55.13,221998,1228024948.0,1.64,-1.53,-0.86,0.71
2025-04-29,600309,55.21,54.5,55.22,54.34,217374,1187177210.0,1.59,-1.25,-0.69,0.69
2025-04-30,600309,54.4,54.44,55.13,54.3,167348,913866237.0,1.52,-0.11,-0.06,0.53
2025-05-06,600309,54.88,55.06,55.1,54.5,266810,1465304422.0,1.1,1.14,0.62,0.85
2025-05-07,600309,56.0,55.43,56.1,54.97,266258,1472900939.0,2.05,0.67,0.37,0.85
2025-05-08,600309,55.02,55.45,55.7,54.88,204166,1130545201.0,1.48,0.04,0.02,0.65
2025-05-09,600309,55.39,54.89,55.39,54.68,178435,980076941.0,1.28,-1.01,-0.56,0.57
2025-05-12,600309,55.49,57.48,57.48,55.4,613487,3471603278.0,3.79,4.72,2.59,1.95
2025-05-13,600309,58.0,56.96,58.1,56.78,338237,1934366297.0,2.3,-0.9,-0.52,1.08
2025-05-14,600309,56.95,58.29,58.32,56.79,380971,2197206574.0,2.69,2.33,1.33,1.21
2025-05-15,600309,58.03,57.43,58.42,57.28,246833,1424750124.0,1.96,-1.48,-0.86,0.79
2025-05-16,600309,57.15,56.83,57.19,56.62,186263,1058923735.0,0.99,-1.04,-0.6,0.59
2025-05-19,600309,56.83,56.75,56.94,56.15,143920,812312144.0,1.39,-0.14,-0.08,0.46
2025-05-20,600309,56.66,56.81,57.09,56.31,142921,809859786.0,1.37,0.11,0.06,0.46
2025-05-21,600309,56.54,56.66,57.06,56.51,128649,730480734.0,0.97,-0.26,-0.15,0.41
2025-05-22,600309,56.6,56.16,56.6,56.04,130734,734940399.0,0.99,-0.88,-0.5,0.42
2025-05-23,600309,56.22,56.08,57.05,56.06,215234,1216852905.0,1.76,-0.14,-0.08,0.69
2025-05-26,600309,56.09,55.41,56.19,55.33,185026,1027702069.0,1.53,-1.19,-0.67,0.59
